Co 0.7752 Fe 0.1727 Zr 0.0521 -0.0000
Co 0.7411 Fe 0.2051 Zr 0.0538 -0.0000
Co 0.7836 Fe 0.1622 Zr 0.0543 -0.0000
Co 0.8179 Fe 0.1277 Zr 0.0544 -0.0000
Co 0.2275 Fe 0.7173 Zr 0.0552 -0.0000
Co 0.7511 Fe 0.1928 Zr 0.0561 -0.0000
Co 0.2045 Fe 0.7394 Zr 0.0561 -0.0000
Co 0.7911 Fe 0.1524 Zr 0.0565 -0.0000
Co 0.1835 Fe 0.7596 Zr 0.0569 -0.0000
Co 0.1645 Fe 0.7779 Zr 0.0576 -0.0000
Co 0.7144 Fe 0.228 Zr 0.0576 -0.0000
Co 0.2682 Fe 0.674 Zr 0.0579 -0.0000
Co 0.1474 Fe 0.7945 Zr 0.0581 -0.0000
Co 0.7603 Fe 0.1812 Zr 0.0585 -0.0000
Co 0.7979 Fe 0.1432 Zr 0.0589 -0.0000
Co 0.2421 Fe 0.6987 Zr 0.0592 -0.0000
Co 0.7253 Fe 0.2145 Zr 0.0602 -0.0000
Co 0.218 Fe 0.7216 Zr 0.0604 -0.0000
Co 0.7687 Fe 0.1703 Zr 0.061 -0.0000
Co 0.8039 Fe 0.1347 Zr 0.0613 -0.0000
Co 0.196 Fe 0.7426 Zr 0.0614 -0.0000
Co 0.6864 Fe 0.2522 Zr 0.0614 -0.0000
Co 0.284 Fe 0.6542 Zr 0.0618 -0.0000
Co 0.176 Fe 0.7618 Zr 0.0622 -0.0000
Co 0.7354 Fe 0.2018 Zr 0.0628 -0.0000
Co 0.1579 Fe 0.7792 Zr 0.0629 -0.0000
Co 0.2569 Fe 0.6797 Zr 0.0634 -0.0000
Co 0.1416 Fe 0.795 Zr 0.0634 -0.0000
Co 0.7762 Fe 0.1602 Zr 0.0636 -0.0000
Co 0.1269 Fe 0.8092 Zr 0.0638 -0.0000
Co 0.8093 Fe 0.1268 Zr 0.0639 -0.0000
Co 0.6981 Fe 0.2376 Zr 0.0643 -0.0000
Co 0.2319 Fe 0.7033 Zr 0.0648 -0.0000
Co 0.6571 Fe 0.2778 Zr 0.0652 -0.0000
Co 0.7446 Fe 0.1898 Zr 0.0656 -0.0000
Co 0.2999 Fe 0.6342 Zr 0.0659 -0.0000
Co 0.2089 Fe 0.725 Zr 0.066 -0.0000
Co 0.7831 Fe 0.1506 Zr 0.0663 -0.0000
Co 0.814 Fe 0.1195 Zr 0.0666 -0.0000
Co 0.1879 Fe 0.745 Zr 0.0671 -0.0000
Co 0.7091 Fe 0.2237 Zr 0.0672 -0.0000
Co 0.3463 Fe 0.586 Zr 0.0678 -0.0000
Co 0.272 Fe 0.6602 Zr 0.0678 -0.0000
Co 0.1689 Fe 0.7632 Zr 0.0679 -0.0000
Co 0.6697 Fe 0.262 Zr 0.0683 -0.0000
Co 0.7531 Fe 0.1785 Zr 0.0685 -0.0000
Co 0.1516 Fe 0.7797 Zr 0.0687 -0.0000
Co 0.6268 Fe 0.3044 Zr 0.0688 -0.0000
Co 0.7891 Fe 0.1418 Zr 0.0691 -0.0000
Co 0.1361 Fe 0.7947 Zr 0.0692 -0.0000
Co 0.8181 Fe 0.1126 Zr 0.0693 -0.0000
Co 0.2461 Fe 0.6844 Zr 0.0695 -0.0000
Co 0.1221 Fe 0.8082 Zr 0.0697 -0.0000
Co 0.3159 Fe 0.6139 Zr 0.0702 -0.0000
Co 0.7192 Fe 0.2106 Zr 0.0703 -0.0000
Co 0.2222 Fe 0.7069 Zr 0.0709 -0.0000
Co 0.7606 Fe 0.1679 Zr 0.0714 -0.0000
Co 0.6814 Fe 0.247 Zr 0.0716 -0.0000
Co 0.7945 Fe 0.1335 Zr 0.072 -0.0000
Co 0.2002 Fe 0.7276 Zr 0.0722 -0.0000
Co 0.8215 Fe 0.1063 Zr 0.0723 -0.0000
Co 0.6401 Fe 0.2876 Zr 0.0723 -0.0000
Co 0.2873 Fe 0.6404 Zr 0.0724 -0.0000
Co 0.1802 Fe 0.7465 Zr 0.0733 -0.0000
Co 0.7284 Fe 0.1982 Zr 0.0734 -0.0000
Co 0.162 Fe 0.7638 Zr 0.0742 -0.0000
Co 0.2605 Fe 0.6652 Zr 0.0743 -0.0000
Co 0.7675 Fe 0.158 Zr 0.0745 -0.0000
Co 0.3319 Fe 0.5935 Zr 0.0745 -0.0000
Co 0.6923 Fe 0.2327 Zr 0.0749 -0.0000
Co 0.1456 Fe 0.7795 Zr 0.075 -0.0000
Co 0.7991 Fe 0.1258 Zr 0.0751 -0.0000
Co 0.1308 Fe 0.7936 Zr 0.0756 -0.0000
Co 0.6527 Fe 0.2715 Zr 0.0759 -0.0000
Co 0.1175 Fe 0.8064 Zr 0.076 -0.0000
Co 0.2356 Fe 0.6883 Zr 0.0761 -0.0000
Co 0.6098 Fe 0.3141 Zr 0.0761 -0.0000
Co 0.7368 Fe 0.1865 Zr 0.0767 -0.0000
Co 0.3026 Fe 0.6203 Zr 0.0771 -0.0000
Co 0.2128 Fe 0.7096 Zr 0.0776 -0.0000
Co 0.7735 Fe 0.1488 Zr 0.0777 -0.0000
Co 0.8031 Fe 0.1186 Zr 0.0783 -0.0000
Co 0.7024 Fe 0.2192 Zr 0.0784 -0.0000
Co 0.1918 Fe 0.7292 Zr 0.0789 -0.0000
Co 0.3478 Fe 0.5731 Zr 0.079 -0.0000
Co 0.275 Fe 0.6456 Zr 0.0794 -0.0000
Co 0.6643 Fe 0.2561 Zr 0.0796 -0.0000
Co 0.5788 Fe 0.3415 Zr 0.0797 -0.0000
Co 0.6229 Fe 0.2971 Zr 0.08 -0.0000
Co 0.7443 Fe 0.1756 Zr 0.0801 -0.0000
Co 0.1727 Fe 0.7472 Zr 0.0801 -0.0000
Co 0.1554 Fe 0.7635 Zr 0.0811 -0.0000
Co 0.7788 Fe 0.1402 Zr 0.0811 -0.0000
Co 0.2493 Fe 0.6692 Zr 0.0814 -0.0000
Co 0.8064 Fe 0.112 Zr 0.0816 -0.0000
Co 0.1398 Fe 0.7783 Zr 0.0819 -0.0000
Co 0.3179 Fe 0.6002 Zr 0.0819 -0.0000
Co 0.7115 Fe 0.2065 Zr 0.082 -0.0000
Co 0.1258 Fe 0.7917 Zr 0.0825 -0.0000
Co 0.1132 Fe 0.8039 Zr 0.083 -0.0000
Co 0.2256 Fe 0.6912 Zr 0.0833 -0.0000
Co 0.1019 Fe 0.8148 Zr 0.0833 1.0000
Co 0.6751 Fe 0.2415 Zr 0.0834 -0.0000
Co 0.7511 Fe 0.1653 Zr 0.0836 -0.0000
Co 0.3636 Fe 0.5528 Zr 0.0836 -0.0000
Co 0.5925 Fe 0.3235 Zr 0.084 -0.0000
Co 0.6353 Fe 0.2806 Zr 0.0841 -0.0000
Co 0.7833 Fe 0.1321 Zr 0.0846 -0.0000
Co 0.2897 Fe 0.6258 Zr 0.0846 -0.0000
Co 0.2037 Fe 0.7114 Zr 0.0849 -0.0000
Co 0.8091 Fe 0.1058 Zr 0.0851 -0.0000
Co 0.7198 Fe 0.1944 Zr 0.0857 -0.0000
Co 0.1838 Fe 0.73 Zr 0.0863 -0.0000
Co 0.3331 Fe 0.58 Zr 0.0869 -0.0000
Co 0.2632 Fe 0.6499 Zr 0.087 -0.0000
Co 0.757 Fe 0.1557 Zr 0.0873 -0.0000
Co 0.685 Fe 0.2276 Zr 0.0873 -0.0000
Co 0.1656 Fe 0.7469 Zr 0.0875 -0.0000
Co 0.5617 Fe 0.3506 Zr 0.0878 -0.0000
Co 0.7872 Fe 0.1246 Zr 0.0882 -0.0000
Co 0.6468 Fe 0.2649 Zr 0.0883 -0.0000
Co 0.3791 Fe 0.5326 Zr 0.0883 -0.0000
Co 0.6055 Fe 0.3061 Zr 0.0884 -0.0000
Co 0.1492 Fe 0.7623 Zr 0.0885 -0.0000
Co 0.8112 Fe 0.1 Zr 0.0887 -0.0000
Co 0.2386 Fe 0.6723 Zr 0.0892 -0.0000
Co 0.1343 Fe 0.7764 Zr 0.0893 -0.0000
Co 0.7273 Fe 0.1831 Zr 0.0896 -0.0000
Co 0.3042 Fe 0.6058 Zr 0.09 -0.0000
Co 0.121 Fe 0.789 Zr 0.09 -0.0000
Co 0.109 Fe 0.8004 Zr 0.0906 -0.0000
Co 0.2159 Fe 0.6931 Zr 0.0911 -0.0000
Co 0.7622 Fe 0.1468 Zr 0.0911 -0.0000
Co 0.6941 Fe 0.2145 Zr 0.0914 -0.0000
Co 0.7904 Fe 0.1176 Zr 0.092 -0.0000
Co 0.3482 Fe 0.5597 Zr 0.092 -0.0000
Co 0.5752 Fe 0.3323 Zr 0.0926 -0.0000
Co 0.6574 Fe 0.25 Zr 0.0926 -0.0000
Co 0.2771 Fe 0.6302 Zr 0.0928 -0.0000
Co 0.195 Fe 0.7122 Zr 0.0928 -0.0000
Co 0.6177 Fe 0.2893 Zr 0.093 -0.0000
Co 0.3943 Fe 0.5126 Zr 0.0931 -0.0000
Co 0.7339 Fe 0.1725 Zr 0.0936 -0.0000
Co 0.176 Fe 0.7297 Zr 0.0943 -0.0000
Co 0.7666 Fe 0.1384 Zr 0.0951 -0.0000
Co 0.2517 Fe 0.653 Zr 0.0953 -0.0000
Co 0.3188 Fe 0.5857 Zr 0.0955 -0.0000
Co 0.1588 Fe 0.7457 Zr 0.0955 -0.0000
Co 0.7022 Fe 0.2021 Zr 0.0957 -0.0000
Co 0.7929 Fe 0.1111 Zr 0.096 -0.0000
Co 0.5445 Fe 0.3591 Zr 0.0964 -0.0000
Co 0.1431 Fe 0.7602 Zr 0.0966 -0.0000
Co 0.6672 Fe 0.2357 Zr 0.0971 -0.0000
Co 0.363 Fe 0.5397 Zr 0.0973 -0.0000
Co 0.129 Fe 0.7735 Zr 0.0975 -0.0000
Co 0.5879 Fe 0.3146 Zr 0.0976 -0.0000
Co 0.2282 Fe 0.6743 Zr 0.0976 -0.0000
Co 0.6289 Fe 0.2733 Zr 0.0978 -0.0000
Co 0.7397 Fe 0.1625 Zr 0.0978 -0.0000
Co 0.1164 Fe 0.7854 Zr 0.0982 -0.0000
Co 0.2909 Fe 0.6104 Zr 0.0987 -0.0000
Co 0.105 Fe 0.7962 Zr 0.0988 -0.0000
Co 0.7703 Fe 0.1305 Zr 0.0992 -0.0000
Co 0.2065 Fe 0.6939 Zr 0.0996 -0.0000
Co 0.7095 Fe 0.1904 Zr 0.1001 -0.0000
Co 0.7948 Fe 0.1051 Zr 0.1001 -0.0000
Co 0.3331 Fe 0.5657 Zr 0.1012 -0.0000
Co 0.1867 Fe 0.7119 Zr 0.1014 -0.0000
Co 0.2649 Fe 0.6335 Zr 0.1017 -0.0000
Co 0.676 Fe 0.2222 Zr 0.1017 -0.0000
Co 0.5577 Fe 0.3405 Zr 0.1018 -0.0000
Co 0.7447 Fe 0.1532 Zr 0.1021 -0.0000
Co 0.3776 Fe 0.5198 Zr 0.1026 -0.0000
Co 0.6394 Fe 0.258 Zr 0.1027 -0.0000
Co 0.5997 Fe 0.2975 Zr 0.1027 -0.0000
Co 0.1686 Fe 0.7284 Zr 0.103 -0.0000
Co 0.7732 Fe 0.1232 Zr 0.1035 -0.0000
Co 0.1522 Fe 0.7435 Zr 0.1043 -0.0000
Co 0.2406 Fe 0.6551 Zr 0.1043 -0.0000
Co 0.7961 Fe 0.0995 Zr 0.1045 -0.0000
Co 0.7159 Fe 0.1794 Zr 0.1046 -0.0000
Co 0.3047 Fe 0.5904 Zr 0.1049 -0.0000
Co 0.1374 Fe 0.7572 Zr 0.1054 -0.0000
Co 0.5274 Fe 0.3669 Zr 0.1058 -0.0000
Co 0.124 Fe 0.7696 Zr 0.1064 -0.0000
Co 0.684 Fe 0.2095 Zr 0.1065 -0.0000
Co 0.7489 Fe 0.1445 Zr 0.1067 -0.0000
Co 0.2181 Fe 0.6752 Zr 0.1067 -0.0000
Co 0.3473 Fe 0.5457 Zr 0.107 -0.0000
Co 0.112 Fe 0.7808 Zr 0.1072 -0.0000
Co 0.5701 Fe 0.3225 Zr 0.1074 -0.0000
Co 0.6489 Fe 0.2434 Zr 0.1077 -0.0000
Co 0.1012 Fe 0.791 Zr 0.1078 -0.0000
Co 0.7755 Fe 0.1164 Zr 0.108 -0.0000
Co 0.6108 Fe 0.2812 Zr 0.1081 -0.0000
Co 0.3917 Fe 0.5002 Zr 0.1081 -0.0000
Co 0.278 Fe 0.6138 Zr 0.1082 -0.0000
Co 0.1975 Fe 0.6937 Zr 0.1088 -0.0000
Co 0.4971 Fe 0.3936 Zr 0.1093 1.0000
Co 0.7215 Fe 0.1691 Zr 0.1094 -0.0000
Co 0.1786 Fe 0.7106 Zr 0.1107 -0.0000
Co 0.3184 Fe 0.5705 Zr 0.1112 -0.0000
Co 0.253 Fe 0.6357 Zr 0.1113 -0.0000
Co 0.7524 Fe 0.1363 Zr 0.1113 -0.0000
Co 0.6911 Fe 0.1974 Zr 0.1115 -0.0000
Co 0.5402 Fe 0.348 Zr 0.1118 -0.0000
Co 0.1615 Fe 0.7262 Zr 0.1124 -0.0000
Co 0.7772 Fe 0.1101 Zr 0.1127 -0.0000
Co 0.6575 Fe 0.2296 Zr 0.113 -0.0000
Co 0.3611 Fe 0.5259 Zr 0.113 -0.0000
Co 0.5816 Fe 0.3051 Zr 0.1132 -0.0000
Co 0.6209 Fe 0.2655 Zr 0.1136 -0.0000
Co 0.4055 Fe 0.4809 Zr 0.1136 -0.0000
Co 0.1459 Fe 0.7403 Zr 0.1138 -0.0000
Co 0.2298 Fe 0.6561 Zr 0.1141 -0.0000
Co 0.7263 Fe 0.1594 Zr 0.1143 -0.0000
Co 0.291 Fe 0.594 Zr 0.115 -0.0000
Co 0.1318 Fe 0.7532 Zr 0.115 -0.0000
Co 0.5103 Fe 0.3739 Zr 0.1159 -0.0000
Co 0.1191 Fe 0.7648 Zr 0.116 -0.0000
Co 0.7551 Fe 0.1287 Zr 0.1162 -0.0000
Co 0.2084 Fe 0.6749 Zr 0.1166 -0.0000
Co 0.6973 Fe 0.1861 Zr 0.1167 -0.0000
Co 0.1078 Fe 0.7754 Zr 0.1169 -0.0000
Co 0.0975 Fe 0.7849 Zr 0.1176 -0.0000
Co 0.3318 Fe 0.5506 Zr 0.1176 -0.0000
Co 0.7782 Fe 0.1042 Zr 0.1176 -0.0000
Co 0.5522 Fe 0.3297 Zr 0.1181 -0.0000
Co 0.6652 Fe 0.2165 Zr 0.1184 -0.0000
Co 0.2654 Fe 0.616 Zr 0.1186 -0.0000
Co 0.1888 Fe 0.6923 Zr 0.1189 -0.0000
Co 0.3746 Fe 0.5064 Zr 0.119 -0.0000
Co 0.5923 Fe 0.2885 Zr 0.1192 -0.0000
Co 0.6301 Fe 0.2506 Zr 0.1193 -0.0000
Co 0.7303 Fe 0.1504 Zr 0.1194 -0.0000
Co 0.1709 Fe 0.7083 Zr 0.1209 -0.0000
Co 0.7571 Fe 0.1216 Zr 0.1213 -0.0000
Co 0.2415 Fe 0.6367 Zr 0.1218 -0.0000
Co 0.3039 Fe 0.5741 Zr 0.122 -0.0000
Co 0.7026 Fe 0.1754 Zr 0.122 -0.0000
Co 0.5226 Fe 0.3548 Zr 0.1226 -0.0000
Co 0.1546 Fe 0.7228 Zr 0.1226 -0.0000
Co 0.7786 Fe 0.0987 Zr 0.1228 -0.0000
Co 0.672 Fe 0.2041 Zr 0.124 -0.0000
Co 0.1398 Fe 0.7361 Zr 0.1241 -0.0000
Co 0.3449 Fe 0.5309 Zr 0.1242 -0.0000
Co 0.5633 Fe 0.3121 Zr 0.1246 -0.0000
Co 0.7335 Fe 0.1419 Zr 0.1246 -0.0000
Co 0.2194 Fe 0.6559 Zr 0.1247 -0.0000
Co 0.6384 Fe 0.2365 Zr 0.1252 -0.0000
Co 0.3877 Fe 0.4871 Zr 0.1252 -0.0000
Co 0.6021 Fe 0.2725 Zr 0.1254 -0.0000
Co 0.1265 Fe 0.7481 Zr 0.1254 -0.0000
Co 0.2777 Fe 0.5963 Zr 0.126 -0.0000
Co 0.1145 Fe 0.759 Zr 0.1265 -0.0000
Co 0.7585 Fe 0.115 Zr 0.1266 -0.0000
Co 0.4932 Fe 0.3801 Zr 0.1266 -0.0000
Co 0.1991 Fe 0.6736 Zr 0.1274 -0.0000
Co 0.1037 Fe 0.7689 Zr 0.1274 -0.0000
Co 0.7071 Fe 0.1654 Zr 0.1275 -0.0000
Co 0.094 Fe 0.7778 Zr 0.1282 -0.0000
Co 0.3166 Fe 0.5543 Zr 0.1291 -0.0000
Co 0.5342 Fe 0.3363 Zr 0.1296 -0.0000
Co 0.2532 Fe 0.6171 Zr 0.1297 -0.0000
Co 0.1804 Fe 0.6899 Zr 0.1297 -0.0000
Co 0.6779 Fe 0.1924 Zr 0.1298 -0.0000
Co 0.7359 Fe 0.1339 Zr 0.1301 -0.0000
Co 0.3577 Fe 0.5114 Zr 0.131 -0.0000
Co 0.6458 Fe 0.223 Zr 0.1312 -0.0000
Co 0.5736 Fe 0.2951 Zr 0.1312 -0.0000
Co 0.4003 Fe 0.4683 Zr 0.1315 -0.0000
Co 0.6109 Fe 0.2573 Zr 0.1318 -0.0000
Co 0.1634 Fe 0.7048 Zr 0.1318 -0.0000
Co 0.7591 Fe 0.1088 Zr 0.1321 -0.0000
Co 0.2304 Fe 0.6365 Zr 0.1331 -0.0000
Co 0.7108 Fe 0.156 Zr 0.1332 -0.0000
Co 0.2899 Fe 0.5765 Zr 0.1337 -0.0000
Co 0.148 Fe 0.7183 Zr 0.1337 -0.0000
Co 0.5051 Fe 0.3608 Zr 0.1341 -0.0000
Co 0.134 Fe 0.7307 Zr 0.1353 -0.0000
Co 0.6829 Fe 0.1814 Zr 0.1357 -0.0000
Co 0.7376 Fe 0.1265 Zr 0.1359 -0.0000
Co 0.2094 Fe 0.6545 Zr 0.1362 -0.0000
Co 0.329 Fe 0.5346 Zr 0.1364 -0.0000
Co 0.1214 Fe 0.742 Zr 0.1366 -0.0000
Co 0.5449 Fe 0.3183 Zr 0.1368 -0.0000
Co 0.6522 Fe 0.2103 Zr 0.1375 -0.0000
Co 0.3701 Fe 0.4922 Zr 0.1378 -0.0000
Co 0.11 Fe 0.7522 Zr 0.1378 -0.0000
Co 0.7591 Fe 0.103 Zr 0.1379 -0.0000
Co 0.2648 Fe 0.5974 Zr 0.1379 -0.0000
Co 0.583 Fe 0.2789 Zr 0.1381 -0.0000
Co 0.4763 Fe 0.3855 Zr 0.1382 -0.0000
Co 0.6189 Fe 0.2428 Zr 0.1383 -0.0000
Co 0.0998 Fe 0.7614 Zr 0.1388 -0.0000
Co 0.19 Fe 0.671 Zr 0.139 -0.0000
Co 0.7136 Fe 0.1472 Zr 0.1392 -0.0000
Co 0.1723 Fe 0.6862 Zr 0.1415 -0.0000
Co 0.3018 Fe 0.5567 Zr 0.1415 -0.0000
Co 0.2413 Fe 0.6169 Zr 0.1418 -0.0000
Co 0.7386 Fe 0.1196 Zr 0.1418 -0.0000
Co 0.5162 Fe 0.342 Zr 0.1418 -0.0000
Co 0.687 Fe 0.171 Zr 0.1419 -0.0000
Co 0.1562 Fe 0.7001 Zr 0.1437 -0.0000
Co 0.3411 Fe 0.5151 Zr 0.1438 -0.0000
Co 0.7585 Fe 0.0976 Zr 0.1439 -0.0000
Co 0.6578 Fe 0.1982 Zr 0.144 -0.0000
Co 0.5548 Fe 0.3011 Zr 0.1442 -0.0000
Co 0.382 Fe 0.4733 Zr 0.1447 -0.0000
Co 0.6259 Fe 0.229 Zr 0.1451 -0.0000
Co 0.5914 Fe 0.2633 Zr 0.1452 -0.0000
Co 0.7157 Fe 0.1389 Zr 0.1454 -0.0000
Co 0.2196 Fe 0.635 Zr 0.1454 -0.0000
Co 0.1416 Fe 0.7128 Zr 0.1456 -0.0000
Co 0.2762 Fe 0.5776 Zr 0.1463 -0.0000
Co 0.4876 Fe 0.3659 Zr 0.1465 -0.0000
Co 0.1284 Fe 0.7243 Zr 0.1473 -0.0000
Co 0.7389 Fe 0.1131 Zr 0.148 -0.0000
Co 0.6904 Fe 0.1613 Zr 0.1484 -0.0000
Co 0.1996 Fe 0.6518 Zr 0.1486 -0.0000
Co 0.1165 Fe 0.7347 Zr 0.1488 -0.0000
Co 0.3134 Fe 0.537 Zr 0.1495 -0.0000
Co 0.5264 Fe 0.3238 Zr 0.1498 -0.0000
Co 0.1057 Fe 0.7443 Zr 0.1501 -0.0000
Co 0.4595 Fe 0.39 Zr 0.1506 -0.0000
Co 0.6624 Fe 0.1869 Zr 0.1507 -0.0000
Co 0.2521 Fe 0.5972 Zr 0.1507 -0.0000
Co 0.096 Fe 0.7528 Zr 0.1512 -0.0000
Co 0.3527 Fe 0.4959 Zr 0.1514 -0.0000
Co 0.1813 Fe 0.6672 Zr 0.1515 -0.0000
Co 0.7171 Fe 0.1312 Zr 0.1517 -0.0000
Co 0.3934 Fe 0.4548 Zr 0.1518 -0.0000
Co 0.5637 Fe 0.2845 Zr 0.1518 -0.0000
Co 0.6319 Fe 0.2159 Zr 0.1521 -0.0000
Co 0.5989 Fe 0.2485 Zr 0.1526 -0.0000
Co 0.1645 Fe 0.6814 Zr 0.1541 -0.0000
Co 0.7385 Fe 0.1071 Zr 0.1544 -0.0000
Co 0.2298 Fe 0.6154 Zr 0.1548 -0.0000
Co 0.2873 Fe 0.5578 Zr 0.1549 -0.0000
Co 0.4982 Fe 0.3468 Zr 0.155 -0.0000
Co 0.6929 Fe 0.1521 Zr 0.155 -0.0000
Co 0.1493 Fe 0.6943 Zr 0.1564 -0.0000
Co 0.6662 Fe 0.1762 Zr 0.1576 -0.0000
Co 0.3247 Fe 0.5176 Zr 0.1577 -0.0000
Co 0.5357 Fe 0.3063 Zr 0.158 -0.0000
Co 0.7176 Fe 0.124 Zr 0.1584 -0.0000
Co 0.1355 Fe 0.706 Zr 0.1585 -0.0000
Co 0.2092 Fe 0.6323 Zr 0.1585 -0.0000
Co 0.3639 Fe 0.477 Zr 0.1591 -0.0000
Co 0.6371 Fe 0.2036 Zr 0.1594 -0.0000
Co 0.4702 Fe 0.3701 Zr 0.1597 -0.0000
Co 0.5716 Fe 0.2687 Zr 0.1597 -0.0000
Co 0.2628 Fe 0.5773 Zr 0.1599 -0.0000
Co 0.6055 Fe 0.2344 Zr 0.1601 -0.0000
Co 0.123 Fe 0.7167 Zr 0.1603 -0.0000
Co 0.7375 Fe 0.1015 Zr 0.1611 -0.0000
Co 0.6945 Fe 0.1436 Zr 0.1619 -0.0000
Co 0.1902 Fe 0.6479 Zr 0.1619 -0.0000
Co 0.1117 Fe 0.7264 Zr 0.1619 -0.0000
Co 0.1015 Fe 0.7352 Zr 0.1633 -0.0000
Co 0.2982 Fe 0.5381 Zr 0.1637 -0.0000
Co 0.4428 Fe 0.3935 Zr 0.1638 -0.0000
Co 0.5078 Fe 0.3284 Zr 0.1638 -0.0000
Co 0.0923 Fe 0.7432 Zr 0.1645 -0.0000
Co 0.2399 Fe 0.5956 Zr 0.1645 -0.0000
Co 0.6691 Fe 0.1661 Zr 0.1647 -0.0000
Co 0.1729 Fe 0.6622 Zr 0.165 -0.0000
Co 0.7175 Fe 0.1172 Zr 0.1653 -0.0000
Co 0.3356 Fe 0.4984 Zr 0.166 -0.0000
Co 0.5441 Fe 0.2894 Zr 0.1665 -0.0000
Co 0.6413 Fe 0.1919 Zr 0.1668 -0.0000
Co 0.3746 Fe 0.4585 Zr 0.1668 -0.0000
Co 0.157 Fe 0.6753 Zr 0.1677 -0.0000
Co 0.5786 Fe 0.2536 Zr 0.1678 -0.0000
Co 0.6111 Fe 0.221 Zr 0.1679 -0.0000
Co 0.7358 Fe 0.0962 Zr 0.168 -0.0000
Co 0.2187 Fe 0.6125 Zr 0.1688 -0.0000
Co 0.6954 Fe 0.1356 Zr 0.169 -0.0000
Co 0.4802 Fe 0.3508 Zr 0.169 -0.0000
Co 0.2732 Fe 0.5575 Zr 0.1693 -0.0000
Co 0.1426 Fe 0.6872 Zr 0.1702 -0.0000
Co 0.6712 Fe 0.1567 Zr 0.1721 -0.0000
Co 0.1296 Fe 0.6981 Zr 0.1724 -0.0000
Co 0.7167 Fe 0.1109 Zr 0.1724 -0.0000
Co 0.3087 Fe 0.5186 Zr 0.1726 -0.0000
Co 0.1991 Fe 0.6282 Zr 0.1727 -0.0000
Co 0.5166 Fe 0.3106 Zr 0.1728 -0.0000
Co 0.453 Fe 0.3734 Zr 0.1737 -0.0000
Co 0.1177 Fe 0.708 Zr 0.1743 -0.0000
Co 0.6446 Fe 0.1809 Zr 0.1745 -0.0000
Co 0.3461 Fe 0.4794 Zr 0.1745 -0.0000
Co 0.2498 Fe 0.5757 Zr 0.1745 -0.0000
Co 0.3848 Fe 0.4405 Zr 0.1747 -0.0000
Co 0.5515 Fe 0.2733 Zr 0.1752 -0.0000
Co 0.6158 Fe 0.2083 Zr 0.1759 -0.0000
Co 0.1071 Fe 0.7169 Zr 0.176 -0.0000
Co 0.5847 Fe 0.2391 Zr 0.1762 -0.0000
Co 0.1811 Fe 0.6427 Zr 0.1762 -0.0000
Co 0.6956 Fe 0.1281 Zr 0.1764 -0.0000
Co 0.0974 Fe 0.7251 Zr 0.1775 -0.0000
Co 0.4893 Fe 0.3321 Zr 0.1787 -0.0000
Co 0.2833 Fe 0.5378 Zr 0.1789 -0.0000
Co 0.228 Fe 0.5927 Zr 0.1793 -0.0000
Co 0.1647 Fe 0.6559 Zr 0.1794 -0.0000
Co 0.6724 Fe 0.1478 Zr 0.1798 -0.0000
Co 0.7151 Fe 0.105 Zr 0.1798 -0.0000
Co 0.3189 Fe 0.4994 Zr 0.1817 -0.0000
Co 0.5244 Fe 0.2934 Zr 0.1822 -0.0000
Co 0.1497 Fe 0.668 Zr 0.1823 -0.0000
Co 0.6471 Fe 0.1705 Zr 0.1824 -0.0000
Co 0.3561 Fe 0.4609 Zr 0.183 -0.0000
Co 0.2079 Fe 0.6084 Zr 0.1838 -0.0000
Co 0.4623 Fe 0.3538 Zr 0.1839 -0.0000
Co 0.695 Fe 0.121 Zr 0.184 -0.0000
Co 0.6195 Fe 0.1964 Zr 0.1841 -0.0000
Co 0.558 Fe 0.2578 Zr 0.1841 -0.0000
Co 0.2594 Fe 0.5559 Zr 0.1847 -0.0000
Co 0.5898 Fe 0.2255 Zr 0.1848 -0.0000
Co 0.1361 Fe 0.679 Zr 0.1849 -0.0000
Co 0.1238 Fe 0.689 Zr 0.1872 -0.0000
Co 0.713 Fe 0.0995 Zr 0.1875 -0.0000
Co 0.6728 Fe 0.1395 Zr 0.1876 -0.0000
Co 0.1893 Fe 0.6228 Zr 0.1878 -0.0000
Co 0.4974 Fe 0.314 Zr 0.1886 -0.0000
Co 0.4358 Fe 0.3756 Zr 0.1886 -0.0000
Co 0.2931 Fe 0.5183 Zr 0.1886 -0.0000
Co 0.1126 Fe 0.6981 Zr 0.1893 -0.0000
Co 0.2371 Fe 0.5727 Zr 0.1902 -0.0000
Co 0.6487 Fe 0.1608 Zr 0.1906 -0.0000
Co 0.3286 Fe 0.4804 Zr 0.191 -0.0000
Co 0.1026 Fe 0.7063 Zr 0.1911 -0.0000
Co 0.1723 Fe 0.6361 Zr 0.1915 -0.0000
Co 0.3656 Fe 0.4428 Zr 0.1917 -0.0000
Co 0.5313 Fe 0.277 Zr 0.1917 -0.0000
Co 0.6937 Fe 0.1144 Zr 0.1919 -0.0000
Co 0.6224 Fe 0.1851 Zr 0.1926 -0.0000
Co 0.0935 Fe 0.7138 Zr 0.1927 -0.0000
Co 0.5635 Fe 0.2431 Zr 0.1933 -0.0000
Co 0.594 Fe 0.2125 Zr 0.1936 -0.0000
Co 0.4707 Fe 0.3348 Zr 0.1945 -0.0000
Co 0.1568 Fe 0.6483 Zr 0.1949 -0.0000
Co 0.2688 Fe 0.5361 Zr 0.1951 -0.0000
Co 0.2165 Fe 0.5884 Zr 0.1952 -0.0000
Co 0.6725 Fe 0.1317 Zr 0.1958 -0.0000
Co 0.1427 Fe 0.6594 Zr 0.1979 -0.0000
Co 0.3024 Fe 0.499 Zr 0.1986 -0.0000
Co 0.5046 Fe 0.2966 Zr 0.1988 -0.0000
Co 0.6494 Fe 0.1516 Zr 0.199 -0.0000
Co 0.4444 Fe 0.3558 Zr 0.1998 -0.0000
Co 0.1974 Fe 0.6028 Zr 0.1998 -0.0000
Co 0.6916 Fe 0.1083 Zr 0.2001 -0.0000
Co 0.3378 Fe 0.4619 Zr 0.2003 -0.0000
Co 0.3745 Fe 0.4251 Zr 0.2004 -0.0000
Co 0.1298 Fe 0.6695 Zr 0.2007 -0.0000
Co 0.246 Fe 0.5528 Zr 0.2012 -0.0000
Co 0.6243 Fe 0.1744 Zr 0.2013 -0.0000
Co 0.5372 Fe 0.2613 Zr 0.2015 -0.0000
Co 0.5972 Fe 0.2002 Zr 0.2026 -0.0000
Co 0.5681 Fe 0.2292 Zr 0.2028 -0.0000
Co 0.1182 Fe 0.6786 Zr 0.2031 -0.0000
Co 0.1799 Fe 0.6161 Zr 0.204 -0.0000
Co 0.6714 Fe 0.1244 Zr 0.2042 -0.0000
Co 0.4188 Fe 0.3768 Zr 0.2044 -0.0000
Co 0.4782 Fe 0.3165 Zr 0.2053 -0.0000
Co 0.1077 Fe 0.687 Zr 0.2053 -0.0000
Co 0.2777 Fe 0.5165 Zr 0.2057 -0.0000
Co 0.2248 Fe 0.5683 Zr 0.2069 -0.0000
Co 0.0982 Fe 0.6945 Zr 0.2073 -0.0000
Co 0.6493 Fe 0.143 Zr 0.2077 -0.0000
Co 0.1638 Fe 0.6283 Zr 0.2079 -0.0000
Co 0.6889 Fe 0.1025 Zr 0.2086 -0.0000
Co 0.3114 Fe 0.48 Zr 0.2086 -0.0000
Co 0.5108 Fe 0.2799 Zr 0.2092 -0.0000
Co 0.3465 Fe 0.4437 Zr 0.2098 -0.0000
Co 0.6254 Fe 0.1644 Zr 0.2103 -0.0000
Co 0.4522 Fe 0.3366 Zr 0.2112 -0.0000
Co 0.1492 Fe 0.6394 Zr 0.2114 -0.0000
Co 0.5421 Fe 0.2463 Zr 0.2116 -0.0000
Co 0.5995 Fe 0.1886 Zr 0.212 -0.0000
Co 0.2053 Fe 0.5827 Zr 0.2121 -0.0000
Co 0.5717 Fe 0.2159 Zr 0.2125 -0.0000
Co 0.2546 Fe 0.533 Zr 0.2125 -0.0000
Co 0.6695 Fe 0.1176 Zr 0.2129 -0.0000
Co 0.1358 Fe 0.6496 Zr 0.2146 -0.0000
Co 0.4847 Fe 0.2989 Zr 0.2164 -0.0000
Co 0.4267 Fe 0.3568 Zr 0.2165 -0.0000
Co 0.2863 Fe 0.4972 Zr 0.2165 -0.0000
Co 0.6485 Fe 0.135 Zr 0.2166 -0.0000
Co 0.1872 Fe 0.5959 Zr 0.2169 -0.0000
Co 0.6856 Fe 0.0971 Zr 0.2173 1.0000
Co 0.1238 Fe 0.6588 Zr 0.2175 -0.0000
Co 0.233 Fe 0.5483 Zr 0.2188 -0.0000
Co 0.3198 Fe 0.4613 Zr 0.2188 -0.0000
Co 0.3547 Fe 0.4259 Zr 0.2194 -0.0000
Co 0.6256 Fe 0.1549 Zr 0.2195 -0.0000
Co 0.5161 Fe 0.264 Zr 0.2199 -0.0000
Co 0.1128 Fe 0.6671 Zr 0.2201 -0.0000
Co 0.1707 Fe 0.608 Zr 0.2213 -0.0000
Co 0.6009 Fe 0.1776 Zr 0.2215 -0.0000
Co 0.667 Fe 0.1112 Zr 0.2219 -0.0000
Co 0.546 Fe 0.2321 Zr 0.2219 -0.0000
Co 0.5743 Fe 0.2033 Zr 0.2224 -0.0000
Co 0.1029 Fe 0.6747 Zr 0.2224 -0.0000
Co 0.459 Fe 0.318 Zr 0.223 -0.0000
Co 0.2628 Fe 0.5133 Zr 0.2239 -0.0000
Co 0.094 Fe 0.6815 Zr 0.2246 -0.0000
Co 0.2129 Fe 0.5625 Zr 0.2246 -0.0000
Co 0.1555 Fe 0.6191 Zr 0.2253 -0.0000
Co 0.6468 Fe 0.1274 Zr 0.2258 -0.0000
Co 0.2945 Fe 0.4781 Zr 0.2274 -0.0000
Co 0.4903 Fe 0.2819 Zr 0.2278 -0.0000
Co 0.4338 Fe 0.3374 Zr 0.2289 -0.0000
Co 0.1418 Fe 0.6292 Zr 0.229 -0.0000
Co 0.625 Fe 0.146 Zr 0.229 -0.0000
Co 0.3278 Fe 0.4431 Zr 0.2291 -0.0000
Co 0.1944 Fe 0.5756 Zr 0.23 -0.0000
Co 0.5204 Fe 0.2487 Zr 0.2309 -0.0000
Co 0.2408 Fe 0.5283 Zr 0.2309 -0.0000
Co 0.6637 Fe 0.1052 Zr 0.2311 -0.0000
Co 0.6014 Fe 0.1673 Zr 0.2313 -0.0000
Co 0.1292 Fe 0.6384 Zr 0.2324 -0.0000
Co 0.549 Fe 0.2186 Zr 0.2324 -0.0000
Co 0.576 Fe 0.1915 Zr 0.2325 -0.0000
Co 0.4092 Fe 0.3567 Zr 0.2341 -0.0000
Co 0.4648 Fe 0.3002 Zr 0.235 -0.0000
Co 0.1774 Fe 0.5876 Zr 0.235 -0.0000
Co 0.6444 Fe 0.1203 Zr 0.2353 -0.0000
Co 0.1178 Fe 0.6468 Zr 0.2354 -0.0000
Co 0.2706 Fe 0.4938 Zr 0.2356 -0.0000
Co 0.2203 Fe 0.5423 Zr 0.2374 -0.0000
Co 0.1076 Fe 0.6543 Zr 0.2382 -0.0000
Co 0.3022 Fe 0.4594 Zr 0.2384 1.0000
Co 0.6235 Fe 0.1377 Zr 0.2388 -0.0000
Co 0.4949 Fe 0.2657 Zr 0.2394 -0.0000
Co 0.3353 Fe 0.4253 Zr 0.2395 1.0000
Co 0.1618 Fe 0.5986 Zr 0.2396 -0.0000
Co 0.6598 Fe 0.0995 Zr 0.2406 1.0000
Co 0.0982 Fe 0.6611 Zr 0.2406 -0.0000
Co 0.601 Fe 0.1576 Zr 0.2414 -0.0000
Co 0.4399 Fe 0.3186 Zr 0.2416 -0.0000
Co 0.5237 Fe 0.2342 Zr 0.2421 -0.0000
Co 0.5769 Fe 0.1802 Zr 0.2429 -0.0000
Co 0.5511 Fe 0.2057 Zr 0.2432 -0.0000
Co 0.2482 Fe 0.5086 Zr 0.2432 1.0000
Co 0.2013 Fe 0.5552 Zr 0.2435 -0.0000
Co 0.1475 Fe 0.6087 Zr 0.2438 -0.0000
Co 0.6413 Fe 0.1136 Zr 0.2451 -0.0000
Co 0.4697 Fe 0.283 Zr 0.2473 -0.0000
Co 0.278 Fe 0.4747 Zr 0.2473 1.0000
Co 0.4155 Fe 0.3371 Zr 0.2474 -0.0000
Co 0.1346 Fe 0.6178 Zr 0.2477 -0.0000
Co 0.6213 Fe 0.1299 Zr 0.2488 -0.0000
Co 0.1838 Fe 0.5671 Zr 0.2491 -0.0000
Co 0.3094 Fe 0.441 Zr 0.2496 1.0000
Co 0.3422 Fe 0.408 Zr 0.2499 1.0000
Co 0.2273 Fe 0.5222 Zr 0.2504 1.0000
Co 0.1228 Fe 0.6261 Zr 0.2512 -0.0000
Co 0.4985 Fe 0.2502 Zr 0.2513 -0.0000
Co 0.5998 Fe 0.1485 Zr 0.2517 -0.0000
Co 0.5261 Fe 0.2204 Zr 0.2535 -0.0000
Co 0.5768 Fe 0.1696 Zr 0.2536 -0.0000
Co 0.1678 Fe 0.578 Zr 0.2542 -0.0000
Co 0.5522 Fe 0.1936 Zr 0.2542 -0.0000
Co 0.1121 Fe 0.6336 Zr 0.2543 -0.0000
Co 0.445 Fe 0.3005 Zr 0.2546 -0.0000
Co 0.6375 Fe 0.1074 Zr 0.2551 -0.0000
Co 0.2553 Fe 0.489 Zr 0.2557 1.0000
Co 0.208 Fe 0.5349 Zr 0.2571 1.0000
Co 0.1024 Fe 0.6403 Zr 0.2573 -0.0000
Co 0.1532 Fe 0.5879 Zr 0.259 -0.0000
Co 0.6184 Fe 0.1225 Zr 0.2591 1.0000
Co 0.285 Fe 0.4559 Zr 0.2592 1.0000
Co 0.4736 Fe 0.2666 Zr 0.2598 -0.0000
Co 0.0937 Fe 0.6464 Zr 0.2599 -0.0000
Co 0.3162 Fe 0.4231 Zr 0.2607 1.0000
Co 0.4208 Fe 0.3181 Zr 0.2611 -0.0000
Co 0.5979 Fe 0.1399 Zr 0.2623 -0.0000
Co 0.5012 Fe 0.2355 Zr 0.2633 -0.0000
Co 0.1398 Fe 0.5969 Zr 0.2633 -0.0000
Co 0.1901 Fe 0.5465 Zr 0.2634 1.0000
Co 0.234 Fe 0.5024 Zr 0.2636 1.0000
Co 0.5759 Fe 0.1597 Zr 0.2645 -0.0000
Co 0.5275 Fe 0.2073 Zr 0.2652 -0.0000
Co 0.633 Fe 0.1015 Zr 0.2654 1.0000
Co 0.5524 Fe 0.1821 Zr 0.2655 -0.0000
Co 0.3974 Fe 0.3358 Zr 0.2669 -0.0000
Co 0.1276 Fe 0.6051 Zr 0.2674 -0.0000
Co 0.4492 Fe 0.2831 Zr 0.2678 -0.0000
Co 0.2619 Fe 0.4698 Zr 0.2683 1.0000
Co 0.1736 Fe 0.5572 Zr 0.2691 1.0000
Co 0.3408 Fe 0.3898 Zr 0.2695 -0.0000
Co 0.6147 Fe 0.1156 Zr 0.2697 1.0000
Co 0.3817 Fe 0.3482 Zr 0.2702 -0.0000
Co 0.2143 Fe 0.5147 Zr 0.271 1.0000
Co 0.1165 Fe 0.6125 Zr 0.271 -0.0000
Co 0.2915 Fe 0.4374 Zr 0.2711 1.0000
Co 0.3223 Fe 0.4057 Zr 0.272 1.0000
Co 0.4766 Fe 0.2508 Zr 0.2726 -0.0000
Co 0.5951 Fe 0.1318 Zr 0.2731 1.0000
Co 0.1065 Fe 0.6191 Zr 0.2744 -0.0000
Co 0.1586 Fe 0.567 Zr 0.2745 1.0000
Co 0.4252 Fe 0.2998 Zr 0.275 -0.0000
Co 0.5741 Fe 0.1503 Zr 0.2756 1.0000
Co 0.5029 Fe 0.2215 Zr 0.2757 -0.0000
Co 0.2404 Fe 0.4827 Zr 0.2769 1.0000
Co 0.5517 Fe 0.1713 Zr 0.277 -0.0000
Co 0.528 Fe 0.195 Zr 0.2771 -0.0000
Co 0.0974 Fe 0.6251 Zr 0.2775 -0.0000
Co 0.196 Fe 0.5261 Zr 0.2779 1.0000
Co 0.312 Fe 0.4096 Zr 0.2784 -0.0000
Co 0.1448 Fe 0.5758 Zr 0.2794 1.0000
Co 0.6103 Fe 0.1092 Zr 0.2805 1.0000
Co 0.3915 Fe 0.3279 Zr 0.2806 -0.0000
Co 0.351 Fe 0.3681 Zr 0.2809 -0.0000
Co 0.2681 Fe 0.4509 Zr 0.281 1.0000
Co 0.4524 Fe 0.2665 Zr 0.2812 -0.0000
Co 0.402 Fe 0.3166 Zr 0.2814 -0.0000
Co 0.2974 Fe 0.4195 Zr 0.2831 1.0000
Co 0.1322 Fe 0.5839 Zr 0.2839 1.0000
Co 0.5916 Fe 0.1242 Zr 0.2842 1.0000
Co 0.1792 Fe 0.5365 Zr 0.2843 1.0000
Co 0.2203 Fe 0.4947 Zr 0.285 1.0000
Co 0.4786 Fe 0.2359 Zr 0.2856 -0.0000
Co 0.2849 Fe 0.4286 Zr 0.2866 -0.0000
Co 0.5715 Fe 0.1415 Zr 0.287 1.0000
Co 0.441 Fe 0.272 Zr 0.287 -0.0000
Co 0.1208 Fe 0.5911 Zr 0.2881 1.0000
Co 0.5037 Fe 0.2082 Zr 0.2882 -0.0000
Co 0.5502 Fe 0.1611 Zr 0.2887 1.0000
Co 0.4287 Fe 0.2822 Zr 0.2891 -0.0000
Co 0.5276 Fe 0.1833 Zr 0.2892 1.0000
Co 0.1638 Fe 0.546 Zr 0.2902 1.0000
Co 0.2463 Fe 0.4634 Zr 0.2903 1.0000
Co 0.3218 Fe 0.3874 Zr 0.2908 -0.0000
Co 0.4005 Fe 0.3085 Zr 0.291 1.0000
Co 0.6053 Fe 0.1031 Zr 0.2916 1.0000
Co 0.1105 Fe 0.5977 Zr 0.2919 1.0000
Co 0.3606 Fe 0.3471 Zr 0.2923 1.0000
Co 0.2017 Fe 0.5058 Zr 0.2926 1.0000
Co 0.2739 Fe 0.4324 Zr 0.2937 1.0000
Co 0.2596 Fe 0.4467 Zr 0.2938 -0.0000
Co 0.4546 Fe 0.2505 Zr 0.2949 -0.0000
Co 0.3029 Fe 0.402 Zr 0.2951 1.0000
Co 0.1011 Fe 0.6035 Zr 0.2954 -0.0000
Co 0.5873 Fe 0.1171 Zr 0.2956 1.0000
Co 0.1496 Fe 0.5547 Zr 0.2957 1.0000
Co 0.4056 Fe 0.2981 Zr 0.2963 -0.0000
Co 0.5682 Fe 0.1332 Zr 0.2986 1.0000
Co 0.0926 Fe 0.6088 Zr 0.2986 -0.0000
Co 0.4796 Fe 0.2216 Zr 0.2988 -0.0000
Co 0.2259 Fe 0.475 Zr 0.2991 1.0000
Co 0.1845 Fe 0.5159 Zr 0.2996 1.0000
Co 0.2943 Fe 0.4059 Zr 0.2998 1.0000
Co 0.2362 Fe 0.4638 Zr 0.3001 -0.0000
Co 0.5479 Fe 0.1515 Zr 0.3007 1.0000
Co 0.1367 Fe 0.5625 Zr 0.3008 1.0000
Co 0.5035 Fe 0.1956 Zr 0.3009 1.0000
Co 0.4089 Fe 0.2898 Zr 0.3013 1.0000
Co 0.5263 Fe 0.1722 Zr 0.3015 1.0000
Co 0.3833 Fe 0.3141 Zr 0.3026 -0.0000
Co 0.3311 Fe 0.3657 Zr 0.3032 1.0000
Co 0.4312 Fe 0.2654 Zr 0.3034 -0.0000
Co 0.3695 Fe 0.3269 Zr 0.3037 1.0000
Co 0.2518 Fe 0.4444 Zr 0.3038 1.0000
Co 0.1249 Fe 0.5696 Zr 0.3054 1.0000
Co 0.1687 Fe 0.5251 Zr 0.3062 1.0000
Co 0.2791 Fe 0.4144 Zr 0.3065 1.0000
Co 0.5824 Fe 0.1104 Zr 0.3071 1.0000
Co 0.207 Fe 0.4857 Zr 0.3074 1.0000
Co 0.2686 Fe 0.4235 Zr 0.3079 1.0000
Co 0.4559 Fe 0.2354 Zr 0.3087 1.0000
Co 0.1143 Fe 0.576 Zr 0.3098 1.0000
Co 0.5641 Fe 0.1254 Zr 0.3105 1.0000
Co 0.4083 Fe 0.2804 Zr 0.3113 -0.0000
Co 0.4164 Fe 0.2721 Zr 0.3115 1.0000
Co 0.4797 Fe 0.2082 Zr 0.3121 1.0000
Co 0.1542 Fe 0.5336 Zr 0.3122 1.0000
Co 0.5447 Fe 0.1425 Zr 0.3128 1.0000
Co 0.3032 Fe 0.3837 Zr 0.3131 1.0000
Co 0.2311 Fe 0.4556 Zr 0.3134 1.0000
Co 0.1046 Fe 0.5817 Zr 0.3137 1.0000
Co 0.5025 Fe 0.1836 Zr 0.3138 1.0000
Co 0.5242 Fe 0.1618 Zr 0.314 1.0000
Co 0.3777 Fe 0.3074 Zr 0.3149 1.0000
Co 0.2446 Fe 0.4403 Zr 0.3151 1.0000
Co 0.1894 Fe 0.4954 Zr 0.3151 1.0000
Co 0.3398 Fe 0.3448 Zr 0.3154 1.0000
Co 0.2568 Fe 0.4259 Zr 0.3174 1.0000
Co 0.0958 Fe 0.5868 Zr 0.3174 1.0000
Co 0.141 Fe 0.5412 Zr 0.3179 1.0000
Co 0.4327 Fe 0.2493 Zr 0.318 1.0000
Co 0.3862 Fe 0.2955 Zr 0.3183 -0.0000
Co 0.5768 Fe 0.1042 Zr 0.319 1.0000
Co 0.2839 Fe 0.3968 Zr 0.3193 1.0000
Co 0.2225 Fe 0.4562 Zr 0.3213 1.0000
Co 0.4232 Fe 0.2552 Zr 0.3216 1.0000
Co 0.2771 Fe 0.4008 Zr 0.3221 1.0000
Co 0.2118 Fe 0.4659 Zr 0.3223 1.0000
Co 0.1733 Fe 0.5044 Zr 0.3223 1.0000
Co 0.5594 Fe 0.1181 Zr 0.3226 1.0000
Co 0.4563 Fe 0.221 Zr 0.3227 1.0000
Co 0.1289 Fe 0.548 Zr 0.3231 1.0000
Co 0.5408 Fe 0.1339 Zr 0.3252 1.0000
Co 0.479 Fe 0.1954 Zr 0.3257 1.0000
Co 0.3852 Fe 0.2888 Zr 0.326 1.0000
Co 0.3116 Fe 0.3621 Zr 0.3263 1.0000
Co 0.4101 Fe 0.2634 Zr 0.3265 1.0000
Co 0.2022 Fe 0.4712 Zr 0.3266 1.0000
Co 0.5213 Fe 0.152 Zr 0.3267 1.0000
Co 0.5006 Fe 0.1724 Zr 0.3269 1.0000
Co 0.2359 Fe 0.4366 Zr 0.3276 1.0000
Co 0.3478 Fe 0.3246 Zr 0.3276 1.0000
Co 0.1179 Fe 0.5542 Zr 0.3279 1.0000
Co 0.1585 Fe 0.5125 Zr 0.329 1.0000
Co 0.2527 Fe 0.4172 Zr 0.3301 1.0000
Co 0.194 Fe 0.4753 Zr 0.3307 1.0000
Co 0.2613 Fe 0.4078 Zr 0.3309 1.0000
Co 0.5706 Fe 0.0983 Zr 0.3311 1.0000
Co 0.4292 Fe 0.2392 Zr 0.3316 1.0000
Co 0.1079 Fe 0.5597 Zr 0.3324 1.0000
Co 0.4334 Fe 0.234 Zr 0.3326 1.0000
Co 0.3882 Fe 0.2776 Zr 0.3342 1.0000
Co 0.5539 Fe 0.1112 Zr 0.3349 1.0000
Co 0.1449 Fe 0.5199 Zr 0.3352 1.0000
Co 0.2851 Fe 0.3787 Zr 0.3363 1.0000
Co 0.0988 Fe 0.5646 Zr 0.3365 1.0000
Co 0.4558 Fe 0.2073 Zr 0.3369 1.0000
Co 0.392 Fe 0.271 Zr 0.337 1.0000
Co 0.2301 Fe 0.4327 Zr 0.3372 1.0000
Co 0.2164 Fe 0.4464 Zr 0.3373 1.0000
Co 0.5362 Fe 0.126 Zr 0.3378 1.0000
Co 0.1776 Fe 0.4838 Zr 0.3385 1.0000
Co 0.4774 Fe 0.1833 Zr 0.3394 1.0000
Co 0.3194 Fe 0.3412 Zr 0.3395 1.0000
Co 0.5176 Fe 0.1428 Zr 0.3396 1.0000
Co 0.3552 Fe 0.3051 Zr 0.3397 1.0000
Co 0.498 Fe 0.1618 Zr 0.3402 1.0000
Co 0.1326 Fe 0.5265 Zr 0.341 1.0000
Co 0.367 Fe 0.2918 Zr 0.3411 -0.0000
Co 0.4344 Fe 0.2242 Zr 0.3414 1.0000
Co 0.411 Fe 0.2472 Zr 0.3418 1.0000
Co 0.2402 Fe 0.4179 Zr 0.3419 1.0000
Co 0.2093 Fe 0.4474 Zr 0.3433 1.0000
Co 0.2654 Fe 0.3902 Zr 0.3444 1.0000
Co 0.2603 Fe 0.3945 Zr 0.3452 1.0000
Co 0.1625 Fe 0.4917 Zr 0.3458 1.0000
Co 0.1213 Fe 0.5324 Zr 0.3463 1.0000
Co 0.1983 Fe 0.4554 Zr 0.3463 1.0000
Co 0.5478 Fe 0.1048 Zr 0.3474 1.0000
Co 0.4331 Fe 0.2194 Zr 0.3475 1.0000
Co 0.398 Fe 0.2542 Zr 0.3479 1.0000
Co 0.1902 Fe 0.4613 Zr 0.3485 1.0000
Co 0.3893 Fe 0.2605 Zr 0.3502 1.0000
Co 0.2925 Fe 0.3572 Zr 0.3503 1.0000
Co 0.5309 Fe 0.1185 Zr 0.3506 1.0000
Co 0.4389 Fe 0.2099 Zr 0.3512 1.0000
Co 0.4544 Fe 0.1944 Zr 0.3512 1.0000
Co 0.111 Fe 0.5377 Zr 0.3513 1.0000
Co 0.3618 Fe 0.2865 Zr 0.3516 1.0000
Co 0.2205 Fe 0.4273 Zr 0.3522 1.0000
Co 0.3265 Fe 0.321 Zr 0.3525 1.0000
Co 0.1487 Fe 0.4987 Zr 0.3526 1.0000
Co 0.5132 Fe 0.1341 Zr 0.3527 1.0000
Co 0.2373 Fe 0.4096 Zr 0.3531 1.0000
Co 0.4749 Fe 0.1719 Zr 0.3532 1.0000
Co 0.4945 Fe 0.1519 Zr 0.3537 1.0000
Co 0.1816 Fe 0.4636 Zr 0.3548 1.0000
Co 0.1017 Fe 0.5424 Zr 0.3559 1.0000
Co 0.2441 Fe 0.3998 Zr 0.3561 1.0000
Co 0.411 Fe 0.2318 Zr 0.3573 1.0000
Co 0.3683 Fe 0.2739 Zr 0.3578 1.0000
Co 0.269 Fe 0.3731 Zr 0.3579 1.0000
Co 0.4032 Fe 0.2382 Zr 0.3586 1.0000
Co 0.136 Fe 0.505 Zr 0.359 1.0000
Co 0.216 Fe 0.4239 Zr 0.36 1.0000
Co 0.0933 Fe 0.5466 Zr 0.3601 1.0000
Co 0.2674 Fe 0.3724 Zr 0.3602 1.0000
Co 0.2021 Fe 0.4359 Zr 0.362 1.0000
Co 0.432 Fe 0.2057 Zr 0.3624 1.0000
Co 0.1662 Fe 0.471 Zr 0.3628 1.0000
Co 0.3677 Fe 0.2689 Zr 0.3634 1.0000
Co 0.525 Fe 0.1114 Zr 0.3636 1.0000
Co 0.2994 Fe 0.3363 Zr 0.3643 1.0000
Co 0.1245 Fe 0.5107 Zr 0.3648 1.0000
Co 0.333 Fe 0.3017 Zr 0.3653 1.0000
Co 0.4522 Fe 0.1822 Zr 0.3656 1.0000
Co 0.5081 Fe 0.126 Zr 0.366 1.0000
Co 0.1965 Fe 0.4374 Zr 0.3661 1.0000
Co 0.3895 Fe 0.2442 Zr 0.3664 1.0000
Co 0.2241 Fe 0.4087 Zr 0.3672 1.0000
Co 0.4717 Fe 0.1611 Zr 0.3672 1.0000
Co 0.4903 Fe 0.1425 Zr 0.3672 1.0000
Co 0.244 Fe 0.387 Zr 0.369 1.0000
Co 0.4077 Fe 0.2231 Zr 0.3692 1.0000
Co 0.1521 Fe 0.4777 Zr 0.3702 1.0000
Co 0.2475 Fe 0.3822 Zr 0.3703 1.0000
Co 0.114 Fe 0.5157 Zr 0.3703 1.0000
Co 0.1852 Fe 0.4437 Zr 0.3711 1.0000
Co 0.1786 Fe 0.4502 Zr 0.3711 1.0000
Co 0.4101 Fe 0.2171 Zr 0.3729 1.0000
Co 0.3687 Fe 0.2567 Zr 0.3746 1.0000
Co 0.373 Fe 0.252 Zr 0.375 1.0000
Co 0.274 Fe 0.351 Zr 0.375 1.0000
Co 0.1044 Fe 0.5202 Zr 0.3754 1.0000
Co 0.5184 Fe 0.1048 Zr 0.3767 1.0000
Co 0.2224 Fe 0.4008 Zr 0.3768 1.0000
Co 0.1392 Fe 0.4838 Zr 0.377 1.0000
Co 0.43 Fe 0.1926 Zr 0.3774 1.0000
Co 0.2056 Fe 0.4168 Zr 0.3776 1.0000
Co 0.3388 Fe 0.2831 Zr 0.3781 1.0000
Co 0.3057 Fe 0.3162 Zr 0.3781 1.0000
Co 0.5023 Fe 0.1183 Zr 0.3794 1.0000
Co 0.4115 Fe 0.2089 Zr 0.3796 1.0000
Co 0.1696 Fe 0.4507 Zr 0.3797 1.0000
Co 0.0958 Fe 0.5241 Zr 0.3801 1.0000
Co 0.4492 Fe 0.1706 Zr 0.3802 1.0000
Co 0.4854 Fe 0.1337 Zr 0.381 1.0000
Co 0.4677 Fe 0.151 Zr 0.3813 1.0000
Co 0.2274 Fe 0.3906 Zr 0.3821 1.0000
Co 0.3888 Fe 0.2286 Zr 0.3825 1.0000
Co 0.1274 Fe 0.4891 Zr 0.3834 1.0000
Co 0.2024 Fe 0.414 Zr 0.3836 1.0000
Co 0.2503 Fe 0.365 Zr 0.3848 1.0000
Co 0.3774 Fe 0.2361 Zr 0.3865 1.0000
Co 0.1884 Fe 0.4241 Zr 0.3874 1.0000
Co 0.1552 Fe 0.4571 Zr 0.3877 1.0000
Co 0.4083 Fe 0.2032 Zr 0.3885 1.0000
Co 0.1167 Fe 0.4939 Zr 0.3894 1.0000
Co 0.1842 Fe 0.4264 Zr 0.3895 1.0000
Co 0.28 Fe 0.3303 Zr 0.3897 1.0000
Co 0.4145 Fe 0.1956 Zr 0.3899 1.0000
Co 0.3439 Fe 0.2655 Zr 0.3906 1.0000
Co 0.3683 Fe 0.2403 Zr 0.3914 1.0000
Co 0.3113 Fe 0.297 Zr 0.3917 1.0000
Co 0.4272 Fe 0.1803 Zr 0.3925 1.0000
Co 0.4959 Fe 0.1111 Zr 0.393 1.0000
Co 0.2087 Fe 0.3982 Zr 0.3932 1.0000
Co 0.2283 Fe 0.3783 Zr 0.3934 1.0000
Co 0.1675 Fe 0.4381 Zr 0.3944 1.0000
Co 0.4455 Fe 0.1598 Zr 0.3948 1.0000
Co 0.4798 Fe 0.1254 Zr 0.3948 1.0000
Co 0.1069 Fe 0.4981 Zr 0.395 1.0000
Co 0.1421 Fe 0.4628 Zr 0.3951 1.0000
Co 0.463 Fe 0.1415 Zr 0.3955 1.0000
Co 0.1726 Fe 0.4308 Zr 0.3966 1.0000
Co 0.2302 Fe 0.373 Zr 0.3969 1.0000
Co 0.3812 Fe 0.221 Zr 0.3977 1.0000
Co 0.1523 Fe 0.4492 Zr 0.3985 1.0000
Co 0.3873 Fe 0.2139 Zr 0.3988 1.0000
Co 0.3485 Fe 0.252 Zr 0.3994 1.0000
Co 0.4169 Fe 0.183 Zr 0.4001 1.0000
Co 0.098 Fe 0.5018 Zr 0.4002 1.0000
Co 0.256 Fe 0.3437 Zr 0.4004 1.0000
Co 0.208 Fe 0.3909 Zr 0.4011 1.0000
Co 0.1301 Fe 0.4678 Zr 0.4021 1.0000
Co 0.3484 Fe 0.2488 Zr 0.4029 1.0000
Co 0.1913 Fe 0.4051 Zr 0.4036 1.0000
Co 0.4058 Fe 0.1901 Zr 0.4041 1.0000
Co 0.2854 Fe 0.3103 Zr 0.4043 1.0000
Co 0.3163 Fe 0.2786 Zr 0.4051 1.0000
Co 0.1581 Fe 0.4368 Zr 0.4052 1.0000
Co 0.4889 Fe 0.1044 Zr 0.4067 1.0000
Co 0.4237 Fe 0.1687 Zr 0.4076 1.0000
Co 0.1894 Fe 0.4029 Zr 0.4077 1.0000
Co 0.367 Fe 0.2247 Zr 0.4083 1.0000
Co 0.1191 Fe 0.4723 Zr 0.4085 1.0000
Co 0.2113 Fe 0.3801 Zr 0.4086 1.0000
Co 0.4736 Fe 0.1176 Zr 0.4088 1.0000
Co 0.3843 Fe 0.2068 Zr 0.4088 1.0000
Co 0.441 Fe 0.1495 Zr 0.4094 1.0000
Co 0.4576 Fe 0.1326 Zr 0.4098 1.0000
Co 0.2337 Fe 0.3564 Zr 0.4099 1.0000
Co 0.1447 Fe 0.4421 Zr 0.4132 1.0000
Co 0.1753 Fe 0.4113 Zr 0.4134 1.0000
Co 0.1723 Fe 0.4142 Zr 0.4134 1.0000
Co 0.1092 Fe 0.4762 Zr 0.4146 1.0000
Co 0.385 Fe 0.2 Zr 0.415 1.0000
Co 0.3521 Fe 0.2329 Zr 0.415 1.0000
Co 0.2611 Fe 0.3231 Zr 0.4158 1.0000
Co 0.3475 Fe 0.2356 Zr 0.4169 1.0000
Co 0.1568 Fe 0.4249 Zr 0.4183 1.0000
Co 0.3206 Fe 0.2611 Zr 0.4183 1.0000
Co 0.2131 Fe 0.3685 Zr 0.4184 1.0000
Co 0.2902 Fe 0.2912 Zr 0.4186 1.0000
Co 0.1938 Fe 0.3865 Zr 0.4197 1.0000
Co 0.3867 Fe 0.1935 Zr 0.4198 1.0000
Co 0.4026 Fe 0.1777 Zr 0.4198 1.0000
Co 0.1001 Fe 0.4796 Zr 0.4203 1.0000
Co 0.1325 Fe 0.4469 Zr 0.4206 1.0000
Co 0.1605 Fe 0.4169 Zr 0.4225 1.0000
Co 0.4195 Fe 0.1577 Zr 0.4228 1.0000
Co 0.4668 Fe 0.1103 Zr 0.4229 1.0000
Co 0.2135 Fe 0.3626 Zr 0.4239 1.0000
Co 0.4517 Fe 0.1242 Zr 0.4241 1.0000
Co 0.4359 Fe 0.14 Zr 0.4242 1.0000
Co 0.365 Fe 0.21 Zr 0.4251 1.0000
Co 0.1941 Fe 0.38 Zr 0.4259 1.0000
Co 0.2386 Fe 0.3352 Zr 0.4262 1.0000
Co 0.3552 Fe 0.2179 Zr 0.4269 1.0000
Co 0.1214 Fe 0.451 Zr 0.4276 1.0000
Co 0.1776 Fe 0.3924 Zr 0.4301 1.0000
Co 0.3884 Fe 0.1811 Zr 0.4305 1.0000
Co 0.2658 Fe 0.3033 Zr 0.431 1.0000
Co 0.147 Fe 0.4219 Zr 0.4311 1.0000
Co 0.382 Fe 0.1868 Zr 0.4312 1.0000
Co 0.3243 Fe 0.2444 Zr 0.4313 1.0000
Co 0.1768 Fe 0.3909 Zr 0.4323 1.0000
Co 0.2944 Fe 0.2729 Zr 0.4327 1.0000
Co 0.1112 Fe 0.4547 Zr 0.4341 1.0000
Co 0.3456 Fe 0.2201 Zr 0.4343 1.0000
Co 0.3986 Fe 0.166 Zr 0.4354 1.0000
Co 0.2177 Fe 0.3467 Zr 0.4356 1.0000
Co 0.1959 Fe 0.3685 Zr 0.4356 1.0000
Co 0.4595 Fe 0.1035 Zr 0.437 1.0000
Co 0.1609 Fe 0.4012 Zr 0.4379 1.0000
Co 0.4146 Fe 0.1474 Zr 0.4379 1.0000
Co 0.3576 Fe 0.2038 Zr 0.4386 1.0000
Co 0.4451 Fe 0.1163 Zr 0.4386 1.0000
Co 0.4301 Fe 0.1309 Zr 0.4389 1.0000
Co 0.1346 Fe 0.4263 Zr 0.4391 1.0000
Co 0.1627 Fe 0.3975 Zr 0.4398 1.0000
Co 0.102 Fe 0.4578 Zr 0.4402 1.0000
Co 0.3896 Fe 0.1693 Zr 0.4411 1.0000
Co 0.3622 Fe 0.196 Zr 0.4418 1.0000
Co 0.2429 Fe 0.3148 Zr 0.4423 1.0000
Co 0.1465 Fe 0.4109 Zr 0.4426 1.0000
Co 0.1985 Fe 0.3577 Zr 0.4438 1.0000
Co 0.3273 Fe 0.2287 Zr 0.444 1.0000
Co 0.2698 Fe 0.2843 Zr 0.4459 1.0000
Co 0.298 Fe 0.2556 Zr 0.4465 1.0000
Co 0.1233 Fe 0.4301 Zr 0.4465 1.0000
Co 0.1795 Fe 0.3739 Zr 0.4466 1.0000
Co 0.3783 Fe 0.1744 Zr 0.4473 1.0000
Co 0.149 Fe 0.4021 Zr 0.4489 1.0000
Co 0.3594 Fe 0.1906 Zr 0.4501 1.0000
Co 0.3939 Fe 0.155 Zr 0.451 1.0000
Co 0.1808 Fe 0.3681 Zr 0.4511 1.0000
Co 0.1975 Fe 0.3511 Zr 0.4514 1.0000
Co 0.3431 Fe 0.2053 Zr 0.4516 1.0000
Co 0.2218 Fe 0.3257 Zr 0.4524 1.0000
Co 0.438 Fe 0.109 Zr 0.4531 1.0000
Co 0.4091 Fe 0.1378 Zr 0.4531 1.0000
Co 0.113 Fe 0.4335 Zr 0.4535 1.0000
Co 0.4238 Fe 0.1225 Zr 0.4537 1.0000
Co 0.3297 Fe 0.2138 Zr 0.4564 1.0000
Co 0.1645 Fe 0.3787 Zr 0.4568 1.0000
Co 0.1647 Fe 0.3779 Zr 0.4574 1.0000
Co 0.1365 Fe 0.4062 Zr 0.4574 1.0000
Co 0.2468 Fe 0.2952 Zr 0.4581 1.0000
Co 0.3587 Fe 0.1829 Zr 0.4584 1.0000
Co 0.3009 Fe 0.2391 Zr 0.46 1.0000
Co 0.1036 Fe 0.4364 Zr 0.4601 1.0000
Co 0.2732 Fe 0.2662 Zr 0.4606 1.0000
Co 0.3605 Fe 0.1782 Zr 0.4613 1.0000
Co 0.2023 Fe 0.3361 Zr 0.4615 1.0000
Co 0.1501 Fe 0.3872 Zr 0.4627 1.0000
Co 0.1811 Fe 0.356 Zr 0.4629 1.0000
Co 0.3739 Fe 0.1627 Zr 0.4634 1.0000
Co 0.125 Fe 0.4097 Zr 0.4653 1.0000
Co 0.095 Fe 0.4387 Zr 0.4662 1.0000
Co 0.1507 Fe 0.3829 Zr 0.4665 1.0000
Co 0.3887 Fe 0.1447 Zr 0.4666 1.0000
Co 0.1367 Fe 0.396 Zr 0.4673 1.0000
Co 0.4031 Fe 0.1287 Zr 0.4682 1.0000
Co 0.417 Fe 0.1146 Zr 0.4685 1.0000
Co 0.3315 Fe 0.1999 Zr 0.4687 1.0000
Co 0.3398 Fe 0.1914 Zr 0.4688 1.0000
Co 0.2254 Fe 0.3055 Zr 0.469 1.0000
Co 0.1844 Fe 0.346 Zr 0.4695 1.0000
Co 0.3611 Fe 0.1665 Zr 0.4724 1.0000
Co 0.1145 Fe 0.4128 Zr 0.4727 1.0000
Co 0.3033 Fe 0.2235 Zr 0.4732 1.0000
Co 0.2501 Fe 0.2765 Zr 0.4735 1.0000
Co 0.166 Fe 0.3604 Zr 0.4737 1.0000
Co 0.2761 Fe 0.2491 Zr 0.4749 1.0000
Co 0.3545 Fe 0.1705 Zr 0.475 1.0000
Co 0.138 Fe 0.3866 Zr 0.4754 1.0000
Co 0.1681 Fe 0.3553 Zr 0.4766 1.0000
Co 0.2057 Fe 0.3154 Zr 0.4789 1.0000
Co 0.3689 Fe 0.1518 Zr 0.4793 1.0000
Co 0.105 Fe 0.4153 Zr 0.4797 1.0000
Co 0.3327 Fe 0.1867 Zr 0.4806 1.0000
Co 0.3829 Fe 0.1351 Zr 0.482 1.0000
Co 0.1532 Fe 0.3642 Zr 0.4826 1.0000
Co 0.4096 Fe 0.1071 Zr 0.4833 1.0000
Co 0.3965 Fe 0.1203 Zr 0.4833 1.0000
Co 0.361 Fe 0.1557 Zr 0.4833 -0.0000
Co 0.152 Fe 0.3642 Zr 0.4838 1.0000
Co 0.1264 Fe 0.3898 Zr 0.4838 1.0000
Co 0.2285 Fe 0.2862 Zr 0.4853 1.0000
Co 0.3359 Fe 0.1783 Zr 0.4857 1.0000
Co 0.305 Fe 0.2088 Zr 0.4862 1.0000
Co 0.1876 Fe 0.3247 Zr 0.4877 1.0000
Co 0.1396 Fe 0.3725 Zr 0.4878 1.0000
Co 0.2528 Fe 0.2586 Zr 0.4886 1.0000
Co 0.2783 Fe 0.2328 Zr 0.4889 1.0000
Co 0.1671 Fe 0.3427 Zr 0.4903 1.0000
Co 0.3498 Fe 0.1589 Zr 0.4913 1.0000
Co 0.1158 Fe 0.3925 Zr 0.4917 1.0000
Co 0.1273 Fe 0.3805 Zr 0.4922 1.0000
Co 0.3333 Fe 0.1744 Zr 0.4923 -0.0000
Co 0.1392 Fe 0.3675 Zr 0.4932 1.0000
Co 0.3634 Fe 0.1415 Zr 0.4952 1.0000
Co 0.1711 Fe 0.3335 Zr 0.4955 1.0000
Co 0.3181 Fe 0.1862 Zr 0.4957 1.0000
Co 0.2087 Fe 0.2954 Zr 0.4959 1.0000
Co 0.3766 Fe 0.126 Zr 0.4974 1.0000
Co 0.3894 Fe 0.1123 Zr 0.4983 1.0000
Co 0.3062 Fe 0.195 Zr 0.4988 -0.0000
Co 0.1062 Fe 0.3948 Zr 0.499 1.0000
Co 0.1531 Fe 0.3461 Zr 0.5008 1.0000
Co 0.2311 Fe 0.2677 Zr 0.5012 1.0000
Co 0.1276 Fe 0.3704 Zr 0.502 1.0000
Co 0.1559 Fe 0.3418 Zr 0.5022 1.0000
Co 0.3315 Fe 0.166 Zr 0.5025 1.0000
Co 0.28 Fe 0.2174 Zr 0.5025 -0.0000
Co 0.255 Fe 0.2417 Zr 0.5034 1.0000
Co 0.3333 Fe 0.1629 Zr 0.5038 -0.0000
Co 0.1904 Fe 0.3042 Zr 0.5055 1.0000
Co 0.3445 Fe 0.1479 Zr 0.5075 1.0000
Co 0.1422 Fe 0.3497 Zr 0.5081 1.0000
Co 0.1169 Fe 0.3729 Zr 0.5103 1.0000
Co 0.1402 Fe 0.3491 Zr 0.5107 1.0000
Co 0.3573 Fe 0.1319 Zr 0.5108 1.0000
Co 0.3068 Fe 0.182 Zr 0.5111 -0.0000
Co 0.2111 Fe 0.2763 Zr 0.5126 1.0000
Co 0.3698 Fe 0.1176 Zr 0.5127 1.0000
Co 0.1297 Fe 0.3572 Zr 0.5131 1.0000
Co 0.1736 Fe 0.3124 Zr 0.514 1.0000
Co 0.3328 Fe 0.1522 Zr 0.515 -0.0000
Co 0.2812 Fe 0.203 Zr 0.5159 -0.0000
Co 0.2332 Fe 0.2501 Zr 0.5167 1.0000
Co 0.1184 Fe 0.3644 Zr 0.5173 1.0000
Co 0.2566 Fe 0.2257 Zr 0.5177 -0.0000
Co 0.1071 Fe 0.3749 Zr 0.518 1.0000
Co 0.3264 Fe 0.1545 Zr 0.5191 1.0000
Co 0.1284 Fe 0.3517 Zr 0.5199 1.0000
Co 0.1583 Fe 0.3203 Zr 0.5214 1.0000
Co 0.1927 Fe 0.2845 Zr 0.5228 1.0000
Co 0.3069 Fe 0.1699 Zr 0.5232 -0.0000
Co 0.3388 Fe 0.1377 Zr 0.5235 1.0000
Co 0.3318 Fe 0.1421 Zr 0.526 -0.0000
Co 0.3508 Fe 0.1228 Zr 0.5263 1.0000
Co 0.1444 Fe 0.3277 Zr 0.5279 1.0000
Co 0.1177 Fe 0.3538 Zr 0.5285 1.0000
Co 0.2131 Fe 0.2582 Zr 0.5288 -0.0000
Co 0.2818 Fe 0.1893 Zr 0.5288 -0.0000
Co 0.2577 Fe 0.2105 Zr 0.5317 -0.0000
Co 0.2348 Fe 0.2335 Zr 0.5317 -0.0000
Co 0.1757 Fe 0.2923 Zr 0.532 1.0000
Co 0.1317 Fe 0.3348 Zr 0.5335 1.0000
Co 0.3065 Fe 0.1586 Zr 0.535 -0.0000
Co 0.321 Fe 0.1437 Zr 0.5354 1.0000
Co 0.1203 Fe 0.3414 Zr 0.5383 1.0000
Co 0.3326 Fe 0.1282 Zr 0.5392 1.0000
Co 0.1945 Fe 0.2658 Zr 0.5398 -0.0000
Co 0.1603 Fe 0.2996 Zr 0.5402 1.0000
Co 0.2819 Fe 0.1766 Zr 0.5415 -0.0000
Co 0.2145 Fe 0.2409 Zr 0.5445 -0.0000
Co 0.2583 Fe 0.1963 Zr 0.5453 -0.0000
Co 0.2359 Fe 0.2178 Zr 0.5464 -0.0000
Co 0.3056 Fe 0.148 Zr 0.5465 -0.0000
Co 0.1462 Fe 0.3065 Zr 0.5473 1.0000
Co 0.1775 Fe 0.273 Zr 0.5496 -0.0000
Co 0.1334 Fe 0.3131 Zr 0.5535 1.0000
Co 0.2816 Fe 0.1647 Zr 0.5538 -0.0000
Co 0.1959 Fe 0.248 Zr 0.5562 -0.0000
Co 0.3042 Fe 0.1381 Zr 0.5577 -0.0000
Co 0.1619 Fe 0.2798 Zr 0.5584 -0.0000
Co 0.2585 Fe 0.183 Zr 0.5586 -0.0000
Co 0.1218 Fe 0.3193 Zr 0.5589 1.0000
Co 0.2156 Fe 0.2246 Zr 0.5598 -0.0000
Co 0.2364 Fe 0.2029 Zr 0.5606 -0.0000
