Co 0.8168 V 0.0986 Zr 0.0846 -0.0000
Co 0.8008 V 0.114 Zr 0.0852 -0.0000
Co 0.8143 V 0.097 Zr 0.0886 -0.0000
Co 0.7988 V 0.112 Zr 0.0892 -0.0000
Co 0.7805 V 0.1299 Zr 0.0895 -0.0000
Co 0.8118 V 0.0953 Zr 0.0929 -0.0000
Co 0.7967 V 0.11 Zr 0.0934 -0.0000
Co 0.7792 V 0.127 Zr 0.0937 -0.0000
Co 0.7592 V 0.147 Zr 0.0938 -0.0000
Co 0.8088 V 0.0938 Zr 0.0974 -0.0000
Co 0.7942 V 0.108 Zr 0.0978 -0.0000
Co 0.735 V 0.167 Zr 0.098 -0.0000
Co 0.7769 V 0.125 Zr 0.0981 -0.0000
Co 0.7576 V 0.1441 Zr 0.0983 -0.0000
Co 0.8058 V 0.0922 Zr 0.102 -0.0000
Co 0.709 V 0.189 Zr 0.102 -0.0000
Co 0.7347 V 0.1632 Zr 0.1021 -0.0000
Co 0.7742 V 0.1229 Zr 0.1029 -0.0000
Co 0.791 V 0.106 Zr 0.103 -0.0000
Co 0.756 V 0.141 Zr 0.103 -0.0000
Co 0.709 V 0.185 Zr 0.106 -0.0000
Co 0.733 V 0.16 Zr 0.107 -0.0000
Co 0.8022 V 0.0908 Zr 0.107 -0.0000
Co 0.7532 V 0.1389 Zr 0.1079 -0.0000
Co 0.788 V 0.104 Zr 0.108 -0.0000
Co 0.772 V 0.12 Zr 0.108 -0.0000
Co 0.682 V 0.208 Zr 0.11 -0.0000
Co 0.708 V 0.181 Zr 0.111 -0.0000
Co 0.731 V 0.157 Zr 0.112 -0.0000
Co 0.7842 V 0.1029 Zr 0.1129 -0.0000
Co 0.7978 V 0.0893 Zr 0.113 -0.0000
Co 0.769 V 0.118 Zr 0.113 -0.0000
Co 0.751 V 0.136 Zr 0.113 -0.0000
Co 0.653 V 0.234 Zr 0.113 -0.0000
Co 0.681 V 0.204 Zr 0.115 -0.0000
Co 0.706 V 0.177 Zr 0.117 -0.0000
Co 0.7283 V 0.1538 Zr 0.1179 -0.0000
Co 0.781 V 0.101 Zr 0.118 -0.0000
Co 0.766 V 0.116 Zr 0.118 -0.0000
Co 0.749 V 0.133 Zr 0.118 -0.0000
Co 0.7941 V 0.0879 Zr 0.118 -0.0000
Co 0.6523 V 0.2288 Zr 0.1189 -0.0000
Co 0.68 V 0.199 Zr 0.121 -0.0000
Co 0.705 V 0.173 Zr 0.122 -0.0000
Co 0.622 V 0.256 Zr 0.122 -0.0000
Co 0.7267 V 0.1502 Zr 0.1231 -0.0000
Co 0.762 V 0.114 Zr 0.124 -0.0000
Co 0.745 V 0.131 Zr 0.124 -0.0000
Co 0.7767 V 0.0992 Zr 0.1241 -0.0000
Co 0.6527 V 0.2232 Zr 0.1241 -0.0000
Co 0.7886 V 0.0865 Zr 0.1249 -0.0000
Co 0.679 V 0.195 Zr 0.126 -0.0000
Co 0.623 V 0.25 Zr 0.127 -0.0000
Co 0.703 V 0.169 Zr 0.128 -0.0000
Co 0.724 V 0.147 Zr 0.129 -0.0000
Co 0.5914 V 0.2787 Zr 0.1299 -0.0000
Co 0.758 V 0.112 Zr 0.13 -0.0000
Co 0.742 V 0.128 Zr 0.13 -0.0000
Co 0.6517 V 0.2182 Zr 0.1301 -0.0000
Co 0.7717 V 0.0974 Zr 0.1309 -0.0000
Co 0.6777 V 0.1902 Zr 0.1321 -0.0000
Co 0.7 V 0.166 Zr 0.134 -0.0000
Co 0.622 V 0.244 Zr 0.134 -0.0000
Co 0.7207 V 0.1441 Zr 0.1351 -0.0000
Co 0.738 V 0.126 Zr 0.136 -0.0000
Co 0.592 V 0.272 Zr 0.136 -0.0000
Co 0.6507 V 0.2132 Zr 0.1361 -0.0000
Co 0.753 V 0.11 Zr 0.137 -0.0000
Co 0.7672 V 0.0958 Zr 0.137 -0.0000
Co 0.56 V 0.302 Zr 0.138 -0.0000
Co 0.675 V 0.186 Zr 0.139 -0.0000
Co 0.621 V 0.239 Zr 0.14 -0.0000
Co 0.697 V 0.162 Zr 0.141 -0.0000
Co 0.717 V 0.141 Zr 0.142 -0.0000
Co 0.734 V 0.123 Zr 0.143 -0.0000
Co 0.648 V 0.209 Zr 0.143 -0.0000
Co 0.591 V 0.266 Zr 0.143 -0.0000
Co 0.7483 V 0.1079 Zr 0.1439 -0.0000
Co 0.7616 V 0.0943 Zr 0.1441 -0.0000
Co 0.56 V 0.295 Zr 0.145 -0.0000
Co 0.6727 V 0.1822 Zr 0.1451 -0.0000
Co 0.528 V 0.326 Zr 0.146 -0.0000
Co 0.694 V 0.159 Zr 0.147 -0.0000
Co 0.62 V 0.233 Zr 0.147 -0.0000
Co 0.713 V 0.138 Zr 0.149 -0.0000
Co 0.5904 V 0.2597 Zr 0.1499 -0.0000
Co 0.729 V 0.121 Zr 0.15 -0.0000
Co 0.646 V 0.204 Zr 0.15 -0.0000
Co 0.743 V 0.106 Zr 0.151 -0.0000
Co 0.7555 V 0.0925 Zr 0.1519 -0.0000
Co 0.56 V 0.288 Zr 0.152 -0.0000
Co 0.669 V 0.178 Zr 0.153 -0.0000
Co 0.5285 V 0.3183 Zr 0.1532 -0.0000
Co 0.6184 V 0.2278 Zr 0.1538 -0.0000
Co 0.496 V 0.35 Zr 0.154 -0.0000
Co 0.69 V 0.155 Zr 0.155 -0.0000
Co 0.708 V 0.136 Zr 0.156 -0.0000
Co 0.644 V 0.199 Zr 0.157 -0.0000
Co 0.59 V 0.253 Zr 0.157 -0.0000
Co 0.724 V 0.118 Zr 0.158 -0.0000
Co 0.737 V 0.104 Zr 0.159 -0.0000
Co 0.56 V 0.281 Zr 0.159 -0.0000
Co 0.666 V 0.174 Zr 0.16 -0.0000
Co 0.617 V 0.222 Zr 0.161 -0.0000
Co 0.528 V 0.311 Zr 0.161 -0.0000
Co 0.4965 V 0.3417 Zr 0.1618 -0.0000
Co 0.686 V 0.152 Zr 0.162 -0.0000
Co 0.703 V 0.133 Zr 0.164 -0.0000
Co 0.6404 V 0.1948 Zr 0.1648 -0.0000
Co 0.588 V 0.247 Zr 0.165 -0.0000
Co 0.718 V 0.116 Zr 0.166 -0.0000
Co 0.731 V 0.102 Zr 0.167 -0.0000
Co 0.5586 V 0.2743 Zr 0.1672 -0.0000
Co 0.662 V 0.17 Zr 0.168 -0.0000
Co 0.614 V 0.217 Zr 0.169 -0.0000
Co 0.528 V 0.303 Zr 0.169 -0.0000
Co 0.681 V 0.149 Zr 0.17 -0.0000
Co 0.497 V 0.333 Zr 0.17 -0.0000
Co 0.465 V 0.365 Zr 0.17 -0.0000
Co 0.698 V 0.13 Zr 0.172 -0.0000
Co 0.637 V 0.19 Zr 0.173 -0.0000
Co 0.586 V 0.241 Zr 0.173 -0.0000
Co 0.712 V 0.114 Zr 0.174 -0.0000
Co 0.725 V 0.1 Zr 0.175 -0.0000
Co 0.557 V 0.268 Zr 0.175 -0.0000
Co 0.658 V 0.166 Zr 0.176 -0.0000
Co 0.611 V 0.212 Zr 0.177 -0.0000
Co 0.527 V 0.296 Zr 0.177 -0.0000
Co 0.434 V 0.389 Zr 0.177 -0.0000
Co 0.4965 V 0.3253 Zr 0.1782 -0.0000
Co 0.4655 V 0.3564 Zr 0.1782 -0.0000
Co 0.676 V 0.145 Zr 0.179 -0.0000
Co 0.692 V 0.127 Zr 0.181 -0.0000
Co 0.633 V 0.186 Zr 0.181 -0.0000
Co 0.5836 V 0.2352 Zr 0.1812 -0.0000
Co 0.7053 V 0.1119 Zr 0.1828 -0.0000
Co 0.555 V 0.261 Zr 0.184 -0.0000
Co 0.404 V 0.412 Zr 0.184 -0.0000
Co 0.653 V 0.162 Zr 0.185 -0.0000
Co 0.607 V 0.207 Zr 0.186 -0.0000
Co 0.526 V 0.288 Zr 0.186 -0.0000
Co 0.4344 V 0.3794 Zr 0.1862 -0.0000
Co 0.496 V 0.317 Zr 0.187 -0.0000
Co 0.465 V 0.348 Zr 0.187 -0.0000
Co 0.6707 V 0.1421 Zr 0.1872 -0.0000
Co 0.685 V 0.125 Zr 0.19 -0.0000
Co 0.629 V 0.181 Zr 0.19 -0.0000
Co 0.58 V 0.23 Zr 0.19 -0.0000
Co 0.3744 V 0.4344 Zr 0.1912 -0.0000
Co 0.699 V 0.109 Zr 0.192 -0.0000
Co 0.5526 V 0.2543 Zr 0.1932 -0.0000
Co 0.6474 V 0.1588 Zr 0.1938 -0.0000
Co 0.404 V 0.402 Zr 0.194 -0.0000
Co 0.603 V 0.202 Zr 0.195 -0.0000
Co 0.524 V 0.281 Zr 0.195 -0.0000
Co 0.434 V 0.37 Zr 0.196 -0.0000
Co 0.664 V 0.139 Zr 0.197 -0.0000
Co 0.494 V 0.309 Zr 0.197 1.0000
Co 0.464 V 0.339 Zr 0.197 -0.0000
Co 0.3463 V 0.4565 Zr 0.1972 -0.0000
Co 0.679 V 0.122 Zr 0.199 -0.0000
Co 0.624 V 0.177 Zr 0.199 -0.0000
Co 0.577 V 0.224 Zr 0.199 -0.0000
Co 0.375 V 0.424 Zr 0.201 -0.0000
Co 0.691 V 0.107 Zr 0.202 -0.0000
Co 0.642 V 0.155 Zr 0.203 -0.0000
Co 0.549 V 0.248 Zr 0.203 -0.0000
Co 0.404 V 0.392 Zr 0.204 -0.0000
Co 0.5984 V 0.1968 Zr 0.2048 -0.0000
Co 0.521 V 0.274 Zr 0.205 -0.0000
Co 0.658 V 0.136 Zr 0.206 -0.0000
Co 0.434 V 0.36 Zr 0.206 -0.0000
Co 0.492 V 0.301 Zr 0.207 -0.0000
Co 0.463 V 0.33 Zr 0.207 -0.0000
Co 0.347 V 0.445 Zr 0.208 -0.0000
Co 0.618 V 0.173 Zr 0.209 -0.0000
Co 0.573 V 0.218 Zr 0.209 -0.0000
Co 0.6717 V 0.1191 Zr 0.2092 -0.0000
Co 0.546 V 0.242 Zr 0.212 1.0000
Co 0.375 V 0.413 Zr 0.212 1.0000
Co 0.636 V 0.151 Zr 0.213 -0.0000
Co 0.594 V 0.192 Zr 0.214 1.0000
Co 0.32 V 0.466 Zr 0.214 -0.0000
Co 0.518 V 0.267 Zr 0.215 1.0000
Co 0.404 V 0.381 Zr 0.215 1.0000
Co 0.65 V 0.133 Zr 0.217 -0.0000
Co 0.49 V 0.293 Zr 0.217 1.0000
Co 0.432 V 0.351 Zr 0.217 1.0000
Co 0.4615 V 0.3213 Zr 0.2172 1.0000
Co 0.568 V 0.213 Zr 0.219 1.0000
Co 0.347 V 0.434 Zr 0.219 1.0000
Co 0.6126 V 0.1682 Zr 0.2192 -0.0000
Co 0.663 V 0.117 Zr 0.22 -0.0000
Co 0.542 V 0.235 Zr 0.223 1.0000
Co 0.3744 V 0.4024 Zr 0.2232 1.0000
Co 0.6284 V 0.1479 Zr 0.2238 1.0000
Co 0.588 V 0.187 Zr 0.225 1.0000
Co 0.515 V 0.259 Zr 0.226 1.0000
Co 0.32 V 0.454 Zr 0.226 -0.0000
Co 0.4024 V 0.3714 Zr 0.2262 1.0000
Co 0.643 V 0.13 Zr 0.227 1.0000
Co 0.4875 V 0.2853 Zr 0.2272 1.0000
Co 0.459 V 0.313 Zr 0.228 1.0000
Co 0.431 V 0.341 Zr 0.228 1.0000
Co 0.606 V 0.164 Zr 0.23 1.0000
Co 0.563 V 0.207 Zr 0.23 1.0000
Co 0.655 V 0.114 Zr 0.231 -0.0000
Co 0.3463 V 0.4224 Zr 0.2312 1.0000
Co 0.295 V 0.473 Zr 0.232 -0.0000
Co 0.537 V 0.229 Zr 0.234 1.0000
Co 0.6216 V 0.1441 Zr 0.2342 1.0000
Co 0.373 V 0.392 Zr 0.235 1.0000
Co 0.582 V 0.182 Zr 0.236 1.0000
Co 0.511 V 0.252 Zr 0.237 1.0000
Co 0.238 V 0.525 Zr 0.237 1.0000
Co 0.5406 V 0.2217 Zr 0.2378 1.0000
Co 0.635 V 0.127 Zr 0.238 1.0000
Co 0.401 V 0.361 Zr 0.238 1.0000
Co 0.32 V 0.442 Zr 0.238 1.0000
Co 0.4835 V 0.2777 Zr 0.2388 1.0000
Co 0.429 V 0.332 Zr 0.239 1.0000
Co 0.5516 V 0.209 Zr 0.2394 1.0000
Co 0.456 V 0.304 Zr 0.24 1.0000
Co 0.5622 V 0.197 Zr 0.2407 1.0000
Co 0.5574 V 0.2018 Zr 0.2408 1.0000
Co 0.599 V 0.16 Zr 0.241 1.0000
Co 0.5724 V 0.1857 Zr 0.2419 1.0000
Co 0.5821 V 0.175 Zr 0.2429 1.0000
Co 0.346 V 0.411 Zr 0.243 1.0000
Co 0.5915 V 0.1649 Zr 0.2437 1.0000
Co 0.6004 V 0.1553 Zr 0.2443 1.0000
Co 0.6089 V 0.1464 Zr 0.2447 1.0000
Co 0.6172 V 0.1379 Zr 0.2449 1.0000
Co 0.532 V 0.223 Zr 0.245 1.0000
Co 0.294 V 0.461 Zr 0.245 -0.0000
Co 0.6134 V 0.1409 Zr 0.2458 1.0000
Co 0.576 V 0.177 Zr 0.247 1.0000
Co 0.372 V 0.381 Zr 0.247 1.0000
Co 0.507 V 0.245 Zr 0.248 1.0000
Co 0.4884 V 0.2621 Zr 0.2495 1.0000
Co 0.626 V 0.124 Zr 0.25 1.0000
Co 0.48 V 0.27 Zr 0.25 1.0000
Co 0.399 V 0.351 Zr 0.25 1.0000
Co 0.453 V 0.296 Zr 0.251 1.0000
Co 0.426 V 0.323 Zr 0.251 1.0000
Co 0.319 V 0.43 Zr 0.251 1.0000
Co 0.2703 V 0.4785 Zr 0.2513 -0.0000
Co 0.552 V 0.196 Zr 0.252 1.0000
Co 0.5002 V 0.2476 Zr 0.2522 1.0000
Co 0.5914 V 0.1558 Zr 0.2527 1.0000
Co 0.5116 V 0.2338 Zr 0.2546 1.0000
Co 0.344 V 0.4 Zr 0.256 1.0000
Co 0.5227 V 0.2206 Zr 0.2567 1.0000
Co 0.527 V 0.216 Zr 0.257 1.0000
Co 0.605 V 0.137 Zr 0.258 1.0000
Co 0.294 V 0.448 Zr 0.258 1.0000
Co 0.22 V 0.522 Zr 0.258 1.0000
Co 0.5333 V 0.2081 Zr 0.2586 1.0000
Co 0.569 V 0.172 Zr 0.259 1.0000
Co 0.569 V 0.171 Zr 0.26 -0.0000
Co 0.502 V 0.238 Zr 0.26 1.0000
Co 0.37 V 0.37 Zr 0.26 1.0000
Co 0.5435 V 0.1962 Zr 0.2603 1.0000
Co 0.5533 V 0.185 Zr 0.2617 1.0000
Co 0.4476 V 0.2906 Zr 0.2618 1.0000
Co 0.617 V 0.121 Zr 0.262 1.0000
Co 0.476 V 0.262 Zr 0.262 1.0000
Co 0.3964 V 0.3413 Zr 0.2623 1.0000
Co 0.5627 V 0.1744 Zr 0.2629 1.0000
Co 0.423 V 0.314 Zr 0.263 1.0000
Co 0.4494 V 0.2873 Zr 0.2633 1.0000
Co 0.5717 V 0.1644 Zr 0.2639 1.0000
Co 0.545 V 0.191 Zr 0.264 1.0000
Co 0.318 V 0.418 Zr 0.264 1.0000
Co 0.5803 V 0.155 Zr 0.2647 1.0000
Co 0.5834 V 0.1518 Zr 0.2647 1.0000
Co 0.27 V 0.465 Zr 0.265 -0.0000
Co 0.5886 V 0.1461 Zr 0.2653 1.0000
Co 0.4597 V 0.2749 Zr 0.2654 1.0000
Co 0.5966 V 0.1377 Zr 0.2657 1.0000
Co 0.6043 V 0.1298 Zr 0.2659 1.0000
Co 0.5415 V 0.1902 Zr 0.2683 -0.0000
Co 0.4714 V 0.2599 Zr 0.2688 1.0000
Co 0.521 V 0.21 Zr 0.269 1.0000
Co 0.343 V 0.388 Zr 0.269 1.0000
Co 0.596 V 0.134 Zr 0.27 1.0000
Co 0.247 V 0.482 Zr 0.271 -0.0000
Co 0.561 V 0.168 Zr 0.271 1.0000
Co 0.2927 V 0.4356 Zr 0.2717 1.0000
Co 0.4827 V 0.2456 Zr 0.2718 1.0000
Co 0.496 V 0.232 Zr 0.272 1.0000
Co 0.4075 V 0.32 Zr 0.2726 1.0000
Co 0.56 V 0.167 Zr 0.273 1.0000
Co 0.368 V 0.359 Zr 0.273 1.0000
Co 0.224 V 0.503 Zr 0.273 1.0000
Co 0.569 V 0.157 Zr 0.274 -0.0000
Co 0.4936 V 0.2319 Zr 0.2745 1.0000
Co 0.513 V 0.212 Zr 0.275 1.0000
Co 0.471 V 0.254 Zr 0.275 1.0000
Co 0.394 V 0.331 Zr 0.275 1.0000
Co 0.445 V 0.279 Zr 0.276 1.0000
Co 0.4194 V 0.3043 Zr 0.2763 1.0000
Co 0.5041 V 0.2189 Zr 0.277 1.0000
Co 0.575 V 0.148 Zr 0.277 1.0000
Co 0.538 V 0.185 Zr 0.277 1.0000
Co 0.4196 V 0.3032 Zr 0.2772 1.0000
Co 0.316 V 0.406 Zr 0.278 1.0000
Co 0.269 V 0.452 Zr 0.279 1.0000
Co 0.204 V 0.517 Zr 0.279 1.0000
Co 0.5142 V 0.2066 Zr 0.2792 1.0000
Co 0.4845 V 0.2358 Zr 0.2797 1.0000
Co 0.533 V 0.186 Zr 0.281 -0.0000
Co 0.524 V 0.1949 Zr 0.2811 1.0000
Co 0.5145 V 0.2042 Zr 0.2813 1.0000
Co 0.3685 V 0.3501 Zr 0.2815 1.0000
Co 0.4313 V 0.2871 Zr 0.2816 1.0000
Co 0.5333 V 0.1838 Zr 0.2828 1.0000
Co 0.587 V 0.13 Zr 0.283 1.0000
Co 0.34 V 0.377 Zr 0.283 1.0000
Co 0.553 V 0.163 Zr 0.284 1.0000
Co 0.455 V 0.261 Zr 0.284 1.0000
Co 0.5424 V 0.1734 Zr 0.2843 1.0000
Co 0.49 V 0.225 Zr 0.285 1.0000
Co 0.247 V 0.468 Zr 0.285 1.0000
Co 0.5516 V 0.1632 Zr 0.2853 1.0000
Co 0.551 V 0.1635 Zr 0.2855 1.0000
Co 0.4427 V 0.2717 Zr 0.2856 1.0000
Co 0.365 V 0.349 Zr 0.286 1.0000
Co 0.291 V 0.423 Zr 0.286 1.0000
Co 0.5606 V 0.1532 Zr 0.2863 -0.0000
Co 0.5593 V 0.1541 Zr 0.2865 1.0000
Co 0.506 V 0.207 Zr 0.287 1.0000
Co 0.3804 V 0.3324 Zr 0.2872 1.0000
Co 0.5673 V 0.1454 Zr 0.2873 1.0000
Co 0.575 V 0.1371 Zr 0.2879 1.0000
Co 0.465 V 0.247 Zr 0.288 1.0000
Co 0.228 V 0.484 Zr 0.288 1.0000
Co 0.5825 V 0.1293 Zr 0.2883 1.0000
Co 0.3311 V 0.3805 Zr 0.2884 1.0000
Co 0.39 V 0.321 Zr 0.289 1.0000
Co 0.4538 V 0.257 Zr 0.2893 1.0000
Co 0.4404 V 0.2703 Zr 0.2893 1.0000
Co 0.5305 V 0.1798 Zr 0.2897 1.0000
Co 0.566 V 0.144 Zr 0.29 1.0000
Co 0.415 V 0.295 Zr 0.29 1.0000
Co 0.478 V 0.23 Zr 0.292 1.0000
Co 0.314 V 0.394 Zr 0.292 1.0000
Co 0.4645 V 0.2429 Zr 0.2927 1.0000
Co 0.392 V 0.3153 Zr 0.2927 1.0000
Co 0.2673 V 0.4394 Zr 0.2933 1.0000
Co 0.5245 V 0.1818 Zr 0.2937 1.0000
Co 0.5075 V 0.1982 Zr 0.2943 1.0000
Co 0.3427 V 0.362 Zr 0.2953 1.0000
Co 0.4748 V 0.2294 Zr 0.2957 1.0000
Co 0.207 V 0.497 Zr 0.296 1.0000
Co 0.449 V 0.255 Zr 0.296 1.0000
Co 0.3377 V 0.3656 Zr 0.2967 1.0000
Co 0.545 V 0.158 Zr 0.297 1.0000
Co 0.4034 V 0.2988 Zr 0.2978 1.0000
Co 0.542 V 0.16 Zr 0.298 1.0000
Co 0.484 V 0.218 Zr 0.298 1.0000
Co 0.42 V 0.282 Zr 0.298 1.0000
Co 0.4848 V 0.2166 Zr 0.2986 1.0000
Co 0.551 V 0.15 Zr 0.299 -0.0000
Co 0.498 V 0.202 Zr 0.3 1.0000
Co 0.362 V 0.338 Zr 0.3 1.0000
Co 0.289 V 0.411 Zr 0.3 1.0000
Co 0.245 V 0.455 Zr 0.3 1.0000
Co 0.46 V 0.239 Zr 0.301 1.0000
Co 0.4944 V 0.2045 Zr 0.3011 1.0000
Co 0.3069 V 0.3918 Zr 0.3014 1.0000
Co 0.3541 V 0.344 Zr 0.3019 1.0000
Co 0.3864 V 0.3113 Zr 0.3023 1.0000
Co 0.4145 V 0.283 Zr 0.3025 1.0000
Co 0.522 V 0.175 Zr 0.303 1.0000
Co 0.435 V 0.262 Zr 0.303 1.0000
Co 0.411 V 0.286 Zr 0.303 1.0000
Co 0.5037 V 0.193 Zr 0.3033 1.0000
Co 0.5564 V 0.1399 Zr 0.3037 1.0000
Co 0.2318 V 0.4645 Zr 0.3037 1.0000
Co 0.471 V 0.224 Zr 0.305 1.0000
Co 0.5126 V 0.1821 Zr 0.3053 1.0000
Co 0.3884 V 0.3063 Zr 0.3053 1.0000
Co 0.312 V 0.382 Zr 0.306 1.0000
Co 0.2242 V 0.4695 Zr 0.3063 -0.0000
Co 0.4252 V 0.2679 Zr 0.307 1.0000
Co 0.5212 V 0.1718 Zr 0.307 1.0000
Co 0.516 V 0.177 Zr 0.307 1.0000
Co 0.5 V 0.192 Zr 0.308 1.0000
Co 0.266 V 0.426 Zr 0.308 1.0000
Co 0.3652 V 0.3266 Zr 0.3081 1.0000
Co 0.5295 V 0.162 Zr 0.3085 1.0000
Co 0.443 V 0.248 Zr 0.309 1.0000
Co 0.3179 V 0.373 Zr 0.3091 1.0000
Co 0.5374 V 0.1528 Zr 0.3097 1.0000
Co 0.5355 V 0.1538 Zr 0.3107 1.0000
Co 0.5451 V 0.1442 Zr 0.3107 1.0000
Co 0.533 V 0.156 Zr 0.311 1.0000
Co 0.415 V 0.274 Zr 0.311 1.0000
Co 0.335 V 0.354 Zr 0.311 1.0000
Co 0.4356 V 0.2533 Zr 0.311 1.0000
Co 0.5525 V 0.136 Zr 0.3115 1.0000
Co 0.541 V 0.147 Zr 0.312 1.0000
Co 0.477 V 0.211 Zr 0.312 1.0000
Co 0.386 V 0.302 Zr 0.312 1.0000
Co 0.21 V 0.478 Zr 0.312 1.0000
Co 0.5596 V 0.1283 Zr 0.3121 1.0000
Co 0.49 V 0.196 Zr 0.314 1.0000
Co 0.3762 V 0.3098 Zr 0.314 1.0000
Co 0.2837 V 0.402 Zr 0.3143 1.0000
Co 0.4457 V 0.2395 Zr 0.3148 1.0000
Co 0.453 V 0.232 Zr 0.315 1.0000
Co 0.358 V 0.327 Zr 0.315 1.0000
Co 0.287 V 0.398 Zr 0.315 1.0000
Co 0.244 V 0.441 Zr 0.315 1.0000
Co 0.3287 V 0.3548 Zr 0.3165 1.0000
Co 0.4296 V 0.2537 Zr 0.3167 1.0000
Co 0.3816 V 0.3017 Zr 0.3167 1.0000
Co 0.514 V 0.169 Zr 0.317 1.0000
Co 0.406 V 0.277 Zr 0.317 1.0000
Co 0.3554 V 0.3273 Zr 0.3173 1.0000
Co 0.5465 V 0.1359 Zr 0.3177 1.0000
Co 0.4555 V 0.2263 Zr 0.3183 1.0000
Co 0.4635 V 0.2178 Zr 0.3187 1.0000
Co 0.3868 V 0.2936 Zr 0.3196 1.0000
Co 0.1908 V 0.4895 Zr 0.3197 1.0000
Co 0.507 V 0.173 Zr 0.32 1.0000
Co 0.235 V 0.445 Zr 0.32 1.0000
Co 0.309 V 0.37 Zr 0.321 1.0000
Co 0.4649 V 0.2137 Zr 0.3214 1.0000
Co 0.492 V 0.186 Zr 0.322 1.0000
Co 0.437 V 0.241 Zr 0.322 1.0000
Co 0.223 V 0.455 Zr 0.322 1.0000
Co 0.2941 V 0.3831 Zr 0.3228 1.0000
Co 0.3393 V 0.3371 Zr 0.3236 1.0000
Co 0.409 V 0.267 Zr 0.324 1.0000
Co 0.382 V 0.294 Zr 0.324 1.0000
Co 0.353 V 0.323 Zr 0.324 1.0000
Co 0.263 V 0.413 Zr 0.324 1.0000
Co 0.474 V 0.2018 Zr 0.3243 1.0000
Co 0.5235 V 0.1522 Zr 0.3243 1.0000
Co 0.3971 V 0.2781 Zr 0.3248 1.0000
Co 0.532 V 0.143 Zr 0.325 1.0000
Co 0.526 V 0.149 Zr 0.325 1.0000
Co 0.331 V 0.343 Zr 0.326 1.0000
Co 0.4695 V 0.2042 Zr 0.3263 1.0000
Co 0.4827 V 0.1905 Zr 0.3268 1.0000
Co 0.2618 V 0.4112 Zr 0.327 1.0000
Co 0.3237 V 0.3487 Zr 0.3277 1.0000
Co 0.481 V 0.191 Zr 0.328 1.0000
Co 0.354 V 0.317 Zr 0.329 1.0000
Co 0.213 V 0.458 Zr 0.329 1.0000
Co 0.4912 V 0.1798 Zr 0.3291 1.0000
Co 0.4464 V 0.2242 Zr 0.3293 1.0000
Co 0.4072 V 0.2632 Zr 0.3296 1.0000
Co 0.3497 V 0.32 Zr 0.3303 1.0000
Co 0.505 V 0.164 Zr 0.331 1.0000
Co 0.377 V 0.292 Zr 0.331 1.0000
Co 0.284 V 0.385 Zr 0.331 1.0000
Co 0.4993 V 0.1696 Zr 0.3311 1.0000
Co 0.3043 V 0.3646 Zr 0.3311 1.0000
Co 0.4234 V 0.2452 Zr 0.3313 1.0000
Co 0.2412 V 0.4274 Zr 0.3313 1.0000
Co 0.4 V 0.268 Zr 0.332 1.0000
Co 0.4555 V 0.2118 Zr 0.3327 1.0000
Co 0.5071 V 0.1601 Zr 0.3328 1.0000
Co 0.322 V 0.344 Zr 0.334 1.0000
Co 0.4169 V 0.249 Zr 0.3341 1.0000
Co 0.5147 V 0.1511 Zr 0.3343 1.0000
Co 0.4975 V 0.1682 Zr 0.3343 1.0000
Co 0.522 V 0.1425 Zr 0.3355 1.0000
Co 0.43 V 0.234 Zr 0.336 1.0000
Co 0.4835 V 0.1802 Zr 0.3363 1.0000
Co 0.2372 V 0.4264 Zr 0.3363 1.0000
Co 0.2715 V 0.3922 Zr 0.3364 1.0000
Co 0.529 V 0.1345 Zr 0.3365 1.0000
Co 0.3598 V 0.3035 Zr 0.3366 1.0000
Co 0.349 V 0.314 Zr 0.337 1.0000
Co 0.305 V 0.358 Zr 0.337 1.0000
Co 0.293 V 0.37 Zr 0.337 1.0000
Co 0.5358 V 0.127 Zr 0.3373 1.0000
Co 0.1932 V 0.4695 Zr 0.3373 1.0000
Co 0.513 V 0.149 Zr 0.338 1.0000
Co 0.403 V 0.259 Zr 0.338 1.0000
Co 0.221 V 0.441 Zr 0.338 1.0000
Co 0.4264 V 0.2354 Zr 0.3382 1.0000
Co 0.3764 V 0.2853 Zr 0.3383 1.0000
Co 0.5215 V 0.1399 Zr 0.3387 1.0000
Co 0.3143 V 0.3467 Zr 0.339 1.0000
Co 0.516 V 0.145 Zr 0.339 1.0000
Co 0.241 V 0.4194 Zr 0.3396 1.0000
Co 0.2607 V 0.3996 Zr 0.3397 1.0000
Co 0.327 V 0.332 Zr 0.341 1.0000
Co 0.461 V 0.198 Zr 0.341 1.0000
Co 0.472 V 0.186 Zr 0.342 1.0000
Co 0.4355 V 0.2224 Zr 0.342 1.0000
Co 0.3697 V 0.2877 Zr 0.3426 1.0000
Co 0.439 V 0.217 Zr 0.344 1.0000
Co 0.292 V 0.364 Zr 0.344 1.0000
Co 0.349 V 0.306 Zr 0.345 1.0000
Co 0.265 V 0.39 Zr 0.345 1.0000
Co 0.281 V 0.3735 Zr 0.3455 1.0000
Co 0.4443 V 0.2101 Zr 0.3455 1.0000
Co 0.495 V 0.159 Zr 0.346 1.0000
Co 0.417 V 0.237 Zr 0.346 1.0000
Co 0.372 V 0.282 Zr 0.346 1.0000
Co 0.216 V 0.438 Zr 0.346 1.0000
Co 0.3242 V 0.3294 Zr 0.3465 1.0000
Co 0.447 V 0.206 Zr 0.347 1.0000
Co 0.394 V 0.259 Zr 0.347 1.0000
Co 0.281 V 0.372 Zr 0.347 1.0000
Co 0.2392 V 0.4134 Zr 0.3473 1.0000
Co 0.488 V 0.164 Zr 0.348 1.0000
Co 0.318 V 0.334 Zr 0.348 1.0000
Co 0.3794 V 0.2724 Zr 0.3482 1.0000
Co 0.4529 V 0.1984 Zr 0.3487 1.0000
Co 0.25 V 0.4002 Zr 0.3498 1.0000
Co 0.422 V 0.227 Zr 0.351 1.0000
Co 0.238 V 0.411 Zr 0.351 1.0000
Co 0.4745 V 0.1742 Zr 0.3514 1.0000
Co 0.3443 V 0.3043 Zr 0.3514 1.0000
Co 0.4611 V 0.1874 Zr 0.3516 1.0000
Co 0.302 V 0.346 Zr 0.352 1.0000
Co 0.512 V 0.136 Zr 0.352 1.0000
Co 0.503 V 0.145 Zr 0.352 1.0000
Co 0.263 V 0.385 Zr 0.352 1.0000
Co 0.2215 V 0.4264 Zr 0.3521 1.0000
Co 0.3964 V 0.2513 Zr 0.3524 1.0000
Co 0.3706 V 0.2767 Zr 0.3526 1.0000
Co 0.2392 V 0.4074 Zr 0.3534 1.0000
Co 0.3887 V 0.2579 Zr 0.3534 1.0000
Co 0.3338 V 0.3126 Zr 0.3536 1.0000
Co 0.469 V 0.1769 Zr 0.3541 1.0000
Co 0.2904 V 0.3554 Zr 0.3542 1.0000
Co 0.2188 V 0.4266 Zr 0.3546 1.0000
Co 0.463 V 0.181 Zr 0.356 1.0000
Co 0.453 V 0.191 Zr 0.356 1.0000
Co 0.258 V 0.386 Zr 0.356 1.0000
Co 0.213 V 0.431 Zr 0.356 -0.0000
Co 0.195 V 0.449 Zr 0.356 1.0000
Co 0.4767 V 0.167 Zr 0.3564 1.0000
Co 0.323 V 0.32 Zr 0.357 1.0000
Co 0.3978 V 0.2439 Zr 0.3583 1.0000
Co 0.2883 V 0.3534 Zr 0.3584 1.0000
Co 0.484 V 0.1576 Zr 0.3584 1.0000
Co 0.237 V 0.404 Zr 0.359 1.0000
Co 0.4314 V 0.2092 Zr 0.3594 1.0000
Co 0.2589 V 0.3814 Zr 0.3597 1.0000
Co 0.344 V 0.296 Zr 0.36 1.0000
Co 0.19 V 0.45 Zr 0.36 -0.0000
Co 0.4912 V 0.1487 Zr 0.3601 1.0000
Co 0.3431 V 0.2965 Zr 0.3604 1.0000
Co 0.485 V 0.154 Zr 0.361 1.0000
Co 0.41 V 0.229 Zr 0.361 1.0000
Co 0.498 V 0.1404 Zr 0.3616 1.0000
Co 0.438 V 0.2 Zr 0.362 1.0000
Co 0.388 V 0.25 Zr 0.362 1.0000
Co 0.366 V 0.272 Zr 0.362 1.0000
Co 0.169 V 0.469 Zr 0.362 -0.0000
Co 0.2997 V 0.3378 Zr 0.3625 1.0000
Co 0.2777 V 0.3596 Zr 0.3626 1.0000
Co 0.5047 V 0.1326 Zr 0.3628 1.0000
Co 0.4066 V 0.2306 Zr 0.3628 1.0000
Co 0.478 V 0.159 Zr 0.363 1.0000
Co 0.314 V 0.323 Zr 0.363 1.0000
Co 0.2298 V 0.4071 Zr 0.3631 1.0000
Co 0.5111 V 0.1252 Zr 0.3638 1.0000
Co 0.236 V 0.4 Zr 0.364 1.0000
Co 0.217 V 0.419 Zr 0.364 1.0000
Co 0.212 V 0.424 Zr 0.364 -0.0000
Co 0.2032 V 0.4324 Zr 0.3644 1.0000
Co 0.4136 V 0.2208 Zr 0.3656 1.0000
Co 0.501 V 0.133 Zr 0.366 1.0000
Co 0.493 V 0.141 Zr 0.366 1.0000
Co 0.339 V 0.295 Zr 0.366 1.0000
Co 0.3523 V 0.2809 Zr 0.3668 1.0000
Co 0.465 V 0.168 Zr 0.367 1.0000
Co 0.26 V 0.373 Zr 0.367 1.0000
Co 0.415 V 0.2179 Zr 0.367 1.0000
Co 0.389 V 0.243 Zr 0.368 1.0000
Co 0.364 V 0.268 Zr 0.368 1.0000
Co 0.189 V 0.443 Zr 0.368 -0.0000
Co 0.2977 V 0.3337 Zr 0.3686 1.0000
Co 0.2677 V 0.3631 Zr 0.3692 1.0000
Co 0.241 V 0.389 Zr 0.37 1.0000
Co 0.3087 V 0.3208 Zr 0.3705 1.0000
Co 0.4233 V 0.2059 Zr 0.3709 1.0000
Co 0.453 V 0.176 Zr 0.371 1.0000
Co 0.444 V 0.185 Zr 0.371 1.0000
Co 0.168 V 0.461 Zr 0.371 -0.0000
Co 0.1341 V 0.4945 Zr 0.3714 -0.0000
Co 0.255 V 0.373 Zr 0.372 1.0000
Co 0.216 V 0.412 Zr 0.372 1.0000
Co 0.15 V 0.478 Zr 0.372 -0.0000
Co 0.3612 V 0.266 Zr 0.3728 1.0000
Co 0.318 V 0.309 Zr 0.373 1.0000
Co 0.2381 V 0.3882 Zr 0.3738 1.0000
Co 0.284 V 0.342 Zr 0.374 1.0000
Co 0.197 V 0.429 Zr 0.374 1.0000
Co 0.4312 V 0.1945 Zr 0.3743 1.0000
Co 0.2338 V 0.3916 Zr 0.3746 -0.0000
Co 0.423 V 0.202 Zr 0.375 1.0000
Co 0.339 V 0.285 Zr 0.376 1.0000
Co 0.2109 V 0.413 Zr 0.3762 1.0000
Co 0.1861 V 0.4372 Zr 0.3766 1.0000
Co 0.429 V 0.194 Zr 0.377 1.0000
Co 0.402 V 0.221 Zr 0.377 1.0000
Co 0.4388 V 0.1836 Zr 0.3775 1.0000
Co 0.467 V 0.155 Zr 0.378 1.0000
Co 0.381 V 0.241 Zr 0.378 1.0000
Co 0.36 V 0.262 Zr 0.378 1.0000
Co 0.3175 V 0.3044 Zr 0.3781 1.0000
Co 0.2763 V 0.3453 Zr 0.3784 1.0000
Co 0.3698 V 0.2517 Zr 0.3785 1.0000
Co 0.3087 V 0.3127 Zr 0.3786 1.0000
Co 0.274 V 0.347 Zr 0.379 1.0000
Co 0.4462 V 0.1734 Zr 0.3804 1.0000
Co 0.4905 V 0.1291 Zr 0.3804 1.0000
Co 0.482 V 0.137 Zr 0.381 1.0000
Co 0.405 V 0.214 Zr 0.381 1.0000
Co 0.233 V 0.386 Zr 0.381 1.0000
Co 0.209 V 0.41 Zr 0.381 -0.0000
Co 0.455 V 0.163 Zr 0.382 1.0000
Co 0.333 V 0.285 Zr 0.382 1.0000
Co 0.219 V 0.399 Zr 0.382 1.0000
Co 0.4534 V 0.1637 Zr 0.3829 1.0000
Co 0.381 V 0.236 Zr 0.383 1.0000
Co 0.256 V 0.361 Zr 0.383 1.0000
Co 0.3574 V 0.2593 Zr 0.3834 1.0000
Co 0.3782 V 0.2381 Zr 0.3837 1.0000
Co 0.2462 V 0.3697 Zr 0.3841 1.0000
Co 0.293 V 0.322 Zr 0.385 1.0000
Co 0.4603 V 0.1546 Zr 0.3852 1.0000
Co 0.3262 V 0.2885 Zr 0.3853 1.0000
Co 0.186 V 0.428 Zr 0.386 -0.0000
Co 0.443 V 0.17 Zr 0.387 1.0000
Co 0.435 V 0.178 Zr 0.387 1.0000
Co 0.4669 V 0.1459 Zr 0.3872 1.0000
Co 0.2848 V 0.328 Zr 0.3872 1.0000
Co 0.2422 V 0.3704 Zr 0.3874 1.0000
Co 0.2184 V 0.3939 Zr 0.3876 1.0000
Co 0.3863 V 0.2251 Zr 0.3886 1.0000
Co 0.2138 V 0.3976 Zr 0.3886 1.0000
Co 0.1658 V 0.4456 Zr 0.3886 -0.0000
Co 0.1702 V 0.441 Zr 0.3887 1.0000
Co 0.4733 V 0.1378 Zr 0.3889 1.0000
Co 0.313 V 0.298 Zr 0.389 1.0000
Co 0.251 V 0.36 Zr 0.389 1.0000
Co 0.1931 V 0.4178 Zr 0.3891 1.0000
Co 0.279 V 0.331 Zr 0.39 1.0000
Co 0.118 V 0.492 Zr 0.39 -0.0000
Co 0.4795 V 0.1302 Zr 0.3903 1.0000
Co 0.4146 V 0.1948 Zr 0.3906 1.0000
Co 0.147 V 0.462 Zr 0.391 -0.0000
Co 0.23 V 0.379 Zr 0.391 -0.0000
Co 0.1311 V 0.4775 Zr 0.3914 -0.0000
Co 0.333 V 0.275 Zr 0.392 1.0000
Co 0.199 V 0.409 Zr 0.392 1.0000
Co 0.3345 V 0.2734 Zr 0.3921 1.0000
Co 0.457 V 0.15 Zr 0.393 1.0000
Co 0.419 V 0.188 Zr 0.393 1.0000
Co 0.394 V 0.213 Zr 0.393 1.0000
Co 0.3941 V 0.2127 Zr 0.3931 1.0000
Co 0.3536 V 0.2527 Zr 0.3936 1.0000
Co 0.374 V 0.232 Zr 0.394 1.0000
Co 0.2542 V 0.3517 Zr 0.3941 1.0000
Co 0.472 V 0.133 Zr 0.395 1.0000
Co 0.303 V 0.302 Zr 0.395 1.0000
Co 0.293 V 0.3114 Zr 0.3956 1.0000
Co 0.27 V 0.334 Zr 0.396 1.0000
Co 0.396 V 0.207 Zr 0.397 1.0000
Co 0.4017 V 0.201 Zr 0.3973 1.0000
Co 0.23 V 0.372 Zr 0.398 1.0000
Co 0.3263 V 0.2753 Zr 0.3984 1.0000
Co 0.2052 V 0.3964 Zr 0.3984 -0.0000
Co 0.3427 V 0.2588 Zr 0.3985 1.0000
Co 0.2259 V 0.3753 Zr 0.3988 1.0000
Co 0.373 V 0.228 Zr 0.399 1.0000
Co 0.3497 V 0.2507 Zr 0.3996 1.0000
Co 0.252 V 0.348 Zr 0.4 1.0000
Co 0.22 V 0.38 Zr 0.4 1.0000
Co 0.1555 V 0.4438 Zr 0.4007 1.0000
Co 0.409 V 0.1899 Zr 0.4011 1.0000
Co 0.2 V 0.3986 Zr 0.4013 1.0000
Co 0.1766 V 0.4215 Zr 0.4019 1.0000
Co 0.433 V 0.165 Zr 0.402 1.0000
Co 0.288 V 0.31 Zr 0.402 1.0000
Co 0.425 V 0.172 Zr 0.403 1.0000
Co 0.3011 V 0.2953 Zr 0.4036 1.0000
Co 0.262 V 0.3343 Zr 0.4037 1.0000
Co 0.183 V 0.413 Zr 0.404 -0.0000
Co 0.3506 V 0.2449 Zr 0.4045 1.0000
Co 0.4161 V 0.1793 Zr 0.4046 1.0000
Co 0.243 V 0.352 Zr 0.405 1.0000
Co 0.308 V 0.286 Zr 0.406 1.0000
Co 0.211 V 0.383 Zr 0.406 -0.0000
Co 0.2472 V 0.3463 Zr 0.4064 1.0000
Co 0.4056 V 0.1878 Zr 0.4066 1.0000
Co 0.274 V 0.319 Zr 0.407 1.0000
Co 0.4229 V 0.1694 Zr 0.4077 1.0000
Co 0.446 V 0.146 Zr 0.408 1.0000
Co 0.162 V 0.43 Zr 0.408 -0.0000
Co 0.409 V 0.182 Zr 0.409 1.0000
Co 0.386 V 0.205 Zr 0.409 1.0000
Co 0.327 V 0.264 Zr 0.409 1.0000
Co 0.226 V 0.365 Zr 0.409 -0.0000
Co 0.105 V 0.486 Zr 0.409 -0.0000
Co 0.2333 V 0.3572 Zr 0.4095 1.0000
Co 0.347 V 0.243 Zr 0.41 1.0000
Co 0.3583 V 0.2316 Zr 0.4101 1.0000
Co 0.4605 V 0.1291 Zr 0.4104 1.0000
Co 0.3664 V 0.2232 Zr 0.4104 1.0000
Co 0.1441 V 0.4454 Zr 0.4104 -0.0000
Co 0.4295 V 0.1599 Zr 0.4106 1.0000
Co 0.2 V 0.389 Zr 0.411 1.0000
Co 0.129 V 0.46 Zr 0.411 -0.0000
Co 0.3089 V 0.2799 Zr 0.4112 1.0000
Co 0.1151 V 0.4735 Zr 0.4114 -0.0000
Co 0.297 V 0.291 Zr 0.412 1.0000
Co 0.1419 V 0.4456 Zr 0.4125 1.0000
Co 0.2696 V 0.3175 Zr 0.4129 1.0000
Co 0.265 V 0.322 Zr 0.413 1.0000
Co 0.4359 V 0.151 Zr 0.4131 1.0000
Co 0.2069 V 0.3799 Zr 0.4132 1.0000
Co 0.3866 V 0.1998 Zr 0.4136 1.0000
Co 0.1613 V 0.4243 Zr 0.4145 1.0000
Co 0.1829 V 0.4023 Zr 0.4148 1.0000
Co 0.319 V 0.266 Zr 0.415 1.0000
Co 0.4421 V 0.1426 Zr 0.4153 1.0000
Co 0.3657 V 0.2189 Zr 0.4154 1.0000
Co 0.2268 V 0.3576 Zr 0.4156 -0.0000
Co 0.202 V 0.382 Zr 0.416 -0.0000
Co 0.364 V 0.22 Zr 0.416 1.0000
Co 0.3417 V 0.2418 Zr 0.4166 1.0000
Co 0.247 V 0.336 Zr 0.417 -0.0000
Co 0.448 V 0.1347 Zr 0.4173 1.0000
Co 0.422 V 0.16 Zr 0.418 1.0000
Co 0.221 V 0.361 Zr 0.418 1.0000
Co 0.3166 V 0.2651 Zr 0.4184 1.0000
Co 0.283 V 0.298 Zr 0.419 1.0000
Co 0.2405 V 0.3396 Zr 0.4199 1.0000
Co 0.3729 V 0.2069 Zr 0.4202 1.0000
Co 0.2771 V 0.3012 Zr 0.4217 1.0000
Co 0.1792 V 0.3984 Zr 0.4224 -0.0000
Co 0.2432 V 0.3343 Zr 0.4224 1.0000
Co 0.302 V 0.275 Zr 0.423 1.0000
Co 0.3964 V 0.1802 Zr 0.4234 1.0000
Co 0.435 V 0.141 Zr 0.424 1.0000
Co 0.207 V 0.369 Zr 0.424 -0.0000
Co 0.243 V 0.333 Zr 0.424 -0.0000
Co 0.1293 V 0.4464 Zr 0.4243 -0.0000
Co 0.2683 V 0.3073 Zr 0.4244 -0.0000
Co 0.2136 V 0.3617 Zr 0.4247 1.0000
Co 0.3798 V 0.1955 Zr 0.4247 1.0000
Co 0.324 V 0.2509 Zr 0.4252 1.0000
Co 0.3994 V 0.1752 Zr 0.4254 1.0000
Co 0.449 V 0.125 Zr 0.426 1.0000
Co 0.377 V 0.197 Zr 0.426 1.0000
Co 0.32 V 0.254 Zr 0.426 1.0000
Co 0.1471 V 0.426 Zr 0.4269 -0.0000
Co 0.358 V 0.215 Zr 0.427 1.0000
Co 0.339 V 0.234 Zr 0.427 1.0000
Co 0.221 V 0.352 Zr 0.427 -0.0000
Co 0.159 V 0.414 Zr 0.427 -0.0000
Co 0.1891 V 0.3835 Zr 0.4274 -0.0000
Co 0.167 V 0.405 Zr 0.4281 -0.0000
Co 0.3865 V 0.1847 Zr 0.4288 1.0000
Co 0.0943 V 0.4769 Zr 0.4289 -0.0000
Co 0.29 V 0.281 Zr 0.429 1.0000
Co 0.2475 V 0.3226 Zr 0.4299 1.0000
Co 0.377 V 0.193 Zr 0.43 1.0000
Co 0.2 V 0.37 Zr 0.43 1.0000
Co 0.2844 V 0.2855 Zr 0.4301 1.0000
Co 0.1411 V 0.4284 Zr 0.4304 -0.0000
Co 0.102 V 0.467 Zr 0.431 -0.0000
Co 0.26 V 0.309 Zr 0.431 1.0000
Co 0.3312 V 0.2373 Zr 0.4315 1.0000
Co 0.312 V 0.256 Zr 0.432 1.0000
Co 0.126 V 0.442 Zr 0.432 -0.0000
Co 0.393 V 0.1744 Zr 0.4326 1.0000
Co 0.355 V 0.212 Zr 0.433 1.0000
Co 0.112 V 0.455 Zr 0.433 -0.0000
Co 0.223 V 0.344 Zr 0.433 -0.0000
Co 0.411 V 0.155 Zr 0.434 1.0000
Co 0.333 V 0.233 Zr 0.434 1.0000
Co 0.1978 V 0.3676 Zr 0.4346 -0.0000
Co 0.242 V 0.323 Zr 0.435 -0.0000
Co 0.2202 V 0.344 Zr 0.4358 -0.0000
Co 0.1177 V 0.4463 Zr 0.436 -0.0000
Co 0.278 V 0.286 Zr 0.436 1.0000
Co 0.221 V 0.343 Zr 0.436 1.0000
Co 0.3993 V 0.1647 Zr 0.436 1.0000
Co 0.3381 V 0.2244 Zr 0.4375 1.0000
Co 0.2915 V 0.2705 Zr 0.438 1.0000
Co 0.424 V 0.137 Zr 0.439 1.0000
Co 0.4053 V 0.1556 Zr 0.4391 1.0000
Co 0.134 V 0.4268 Zr 0.4393 -0.0000
Co 0.2544 V 0.3061 Zr 0.4395 1.0000
Co 0.1952 V 0.3652 Zr 0.4396 -0.0000
Co 0.296 V 0.264 Zr 0.44 1.0000
Co 0.243 V 0.317 Zr 0.44 1.0000
Co 0.239 V 0.32 Zr 0.441 -0.0000
Co 0.176 V 0.383 Zr 0.441 -0.0000
Co 0.1522 V 0.4067 Zr 0.4411 -0.0000
Co 0.1726 V 0.3861 Zr 0.4413 -0.0000
Co 0.4111 V 0.147 Zr 0.4419 1.0000
Co 0.262 V 0.296 Zr 0.442 -0.0000
Co 0.389 V 0.169 Zr 0.442 1.0000
Co 0.204 V 0.354 Zr 0.442 -0.0000
Co 0.3137 V 0.2438 Zr 0.4426 1.0000
Co 0.368 V 0.189 Zr 0.443 1.0000
Co 0.3449 V 0.2121 Zr 0.443 1.0000
Co 0.35 V 0.206 Zr 0.444 1.0000
Co 0.332 V 0.224 Zr 0.444 1.0000
Co 0.4168 V 0.1388 Zr 0.4444 1.0000
Co 0.2162 V 0.3383 Zr 0.4454 -0.0000
Co 0.2984 V 0.256 Zr 0.4455 1.0000
Co 0.1558 V 0.3976 Zr 0.4466 -0.0000
Co 0.2267 V 0.3268 Zr 0.4466 -0.0000
Co 0.367 V 0.186 Zr 0.447 1.0000
Co 0.283 V 0.27 Zr 0.447 -0.0000
Co 0.0864 V 0.4658 Zr 0.4478 -0.0000
Co 0.255 V 0.297 Zr 0.448 -0.0000
Co 0.3514 V 0.2004 Zr 0.4482 1.0000
Co 0.2612 V 0.2903 Zr 0.4486 1.0000
Co 0.2 V 0.351 Zr 0.449 1.0000
Co 0.346 V 0.204 Zr 0.45 1.0000
Co 0.304 V 0.246 Zr 0.45 1.0000
Co 0.4004 V 0.1491 Zr 0.4505 1.0000
Co 0.325 V 0.224 Zr 0.451 1.0000
Co 0.219 V 0.33 Zr 0.451 -0.0000
Co 0.138 V 0.411 Zr 0.451 -0.0000
Co 0.1219 V 0.4267 Zr 0.4514 -0.0000
Co 0.2012 V 0.3473 Zr 0.4514 -0.0000
Co 0.0912 V 0.4569 Zr 0.4519 -0.0000
Co 0.3051 V 0.2423 Zr 0.4526 1.0000
Co 0.3577 V 0.1894 Zr 0.453 1.0000
Co 0.1221 V 0.4244 Zr 0.4535 -0.0000
Co 0.1385 V 0.4075 Zr 0.454 -0.0000
Co 0.272 V 0.274 Zr 0.454 -0.0000
Co 0.236 V 0.31 Zr 0.454 -0.0000
Co 0.221 V 0.325 Zr 0.454 1.0000
Co 0.193 V 0.353 Zr 0.454 -0.0000
Co 0.0989 V 0.447 Zr 0.454 -0.0000
Co 0.1781 V 0.3677 Zr 0.4542 -0.0000
Co 0.1091 V 0.4364 Zr 0.4545 -0.0000
Co 0.1572 V 0.3878 Zr 0.455 -0.0000
Co 0.412 V 0.132 Zr 0.456 1.0000
Co 0.233 V 0.3101 Zr 0.4569 -0.0000
Co 0.2677 V 0.275 Zr 0.4573 1.0000
Co 0.3638 V 0.1789 Zr 0.4574 1.0000
Co 0.2893 V 0.2533 Zr 0.4575 1.0000
Co 0.2422 V 0.3003 Zr 0.4575 1.0000
Co 0.378 V 0.163 Zr 0.459 1.0000
Co 0.234 V 0.307 Zr 0.459 -0.0000
Co 0.3116 V 0.2291 Zr 0.4593 1.0000
Co 0.306 V 0.234 Zr 0.46 1.0000
Co 0.256 V 0.284 Zr 0.46 -0.0000
Co 0.341 V 0.198 Zr 0.461 1.0000
Co 0.324 V 0.215 Zr 0.461 1.0000
Co 0.3696 V 0.1689 Zr 0.4614 1.0000
Co 0.1712 V 0.3674 Zr 0.4615 -0.0000
Co 0.2071 V 0.33 Zr 0.4629 -0.0000
Co 0.1108 V 0.4258 Zr 0.4635 -0.0000
Co 0.357 V 0.179 Zr 0.464 1.0000
Co 0.211 V 0.325 Zr 0.464 -0.0000
Co 0.276 V 0.259 Zr 0.465 -0.0000
Co 0.3753 V 0.1596 Zr 0.4651 1.0000
Co 0.3179 V 0.2166 Zr 0.4656 1.0000
Co 0.2741 V 0.2604 Zr 0.4656 1.0000
Co 0.25 V 0.284 Zr 0.466 -0.0000
Co 0.126 V 0.4074 Zr 0.4667 -0.0000
Co 0.1835 V 0.3497 Zr 0.4667 -0.0000
Co 0.2392 V 0.2941 Zr 0.4668 -0.0000
Co 0.152 V 0.381 Zr 0.467 -0.0000
Co 0.389 V 0.144 Zr 0.467 1.0000
Co 0.336 V 0.196 Zr 0.468 1.0000
Co 0.296 V 0.236 Zr 0.468 -0.0000
Co 0.2 V 0.332 Zr 0.468 1.0000
Co 0.1431 V 0.3885 Zr 0.4684 -0.0000
Co 0.3808 V 0.1507 Zr 0.4685 1.0000
Co 0.1622 V 0.3693 Zr 0.4685 -0.0000
Co 0.316 V 0.215 Zr 0.469 1.0000
Co 0.2142 V 0.3163 Zr 0.4695 -0.0000
Co 0.266 V 0.263 Zr 0.471 -0.0000
Co 0.3239 V 0.2047 Zr 0.4714 1.0000
Co 0.1341 V 0.3944 Zr 0.4715 -0.0000
Co 0.4006 V 0.1279 Zr 0.4715 1.0000
Co 0.3861 V 0.1424 Zr 0.4715 1.0000
Co 0.0833 V 0.4449 Zr 0.4719 -0.0000
Co 0.22 V 0.308 Zr 0.472 1.0000
Co 0.23 V 0.297 Zr 0.473 -0.0000
Co 0.2802 V 0.2464 Zr 0.4734 -0.0000
Co 0.1882 V 0.3383 Zr 0.4735 -0.0000
Co 0.2129 V 0.3132 Zr 0.4739 -0.0000
Co 0.2412 V 0.2843 Zr 0.4745 1.0000
Co 0.1191 V 0.4064 Zr 0.4745 -0.0000
Co 0.0882 V 0.4369 Zr 0.4749 -0.0000
Co 0.282 V 0.243 Zr 0.475 -0.0000
Co 0.367 V 0.157 Zr 0.476 1.0000
Co 0.106 V 0.418 Zr 0.476 -0.0000
Co 0.0959 V 0.428 Zr 0.476 -0.0000
Co 0.2452 V 0.2786 Zr 0.4762 -0.0000
Co 0.3298 V 0.1934 Zr 0.4769 1.0000
Co 0.299 V 0.224 Zr 0.477 1.0000
Co 0.229 V 0.294 Zr 0.477 -0.0000
Co 0.3157 V 0.2058 Zr 0.4785 1.0000
Co 0.1889 V 0.3323 Zr 0.4789 -0.0000
Co 0.249 V 0.272 Zr 0.479 -0.0000
Co 0.1144 V 0.4064 Zr 0.4792 -0.0000
Co 0.2862 V 0.233 Zr 0.4808 -0.0000
Co 0.167 V 0.352 Zr 0.481 -0.0000
Co 0.13 V 0.3884 Zr 0.4816 -0.0000
Co 0.1671 V 0.3512 Zr 0.4817 -0.0000
Co 0.3354 V 0.1827 Zr 0.4819 1.0000
Co 0.346 V 0.172 Zr 0.482 1.0000
Co 0.1475 V 0.3699 Zr 0.4825 -0.0000
Co 0.206 V 0.311 Zr 0.483 -0.0000
Co 0.377 V 0.139 Zr 0.484 1.0000
Co 0.268 V 0.248 Zr 0.484 -0.0000
Co 0.244 V 0.272 Zr 0.484 -0.0000
Co 0.2185 V 0.297 Zr 0.4845 -0.0000
Co 0.251 V 0.2638 Zr 0.4852 -0.0000
Co 0.326 V 0.188 Zr 0.486 1.0000
Co 0.2873 V 0.2262 Zr 0.4865 -0.0000
Co 0.3409 V 0.1725 Zr 0.4866 1.0000
Co 0.306 V 0.207 Zr 0.487 -0.0000
Co 0.148 V 0.365 Zr 0.487 -0.0000
Co 0.292 V 0.2203 Zr 0.4877 -0.0000
Co 0.26 V 0.251 Zr 0.489 -0.0000
Co 0.219 V 0.291 Zr 0.49 -0.0000
Co 0.1941 V 0.3154 Zr 0.4906 -0.0000
Co 0.3462 V 0.163 Zr 0.4909 -0.0000
Co 0.1038 V 0.4047 Zr 0.4914 -0.0000
Co 0.2398 V 0.2687 Zr 0.4915 1.0000
Co 0.2238 V 0.2847 Zr 0.4915 -0.0000
Co 0.131 V 0.377 Zr 0.492 -0.0000
Co 0.3556 V 0.1518 Zr 0.4925 1.0000
Co 0.275 V 0.232 Zr 0.493 -0.0000
Co 0.183 V 0.324 Zr 0.493 -0.0000
Co 0.0789 V 0.428 Zr 0.493 -0.0000
Co 0.2566 V 0.2497 Zr 0.4937 -0.0000
Co 0.2976 V 0.2081 Zr 0.4943 -0.0000
Co 0.1719 V 0.3337 Zr 0.4944 -0.0000
Co 0.118 V 0.3874 Zr 0.4946 -0.0000
Co 0.2239 V 0.2814 Zr 0.4947 -0.0000
Co 0.3513 V 0.1539 Zr 0.4948 -0.0000
Co 0.0803 V 0.4249 Zr 0.4949 -0.0000
Co 0.116 V 0.388 Zr 0.496 -0.0000
Co 0.134 V 0.3698 Zr 0.4963 -0.0000
Co 0.1519 V 0.3518 Zr 0.4963 -0.0000
Co 0.0854 V 0.4173 Zr 0.4973 -0.0000
Co 0.242 V 0.26 Zr 0.498 -0.0000
Co 0.103 V 0.399 Zr 0.498 -0.0000
Co 0.093 V 0.409 Zr 0.498 -0.0000
Co 0.3562 V 0.1454 Zr 0.4984 -0.0000
Co 0.3353 V 0.1652 Zr 0.4995 -0.0000
Co 0.366 V 0.134 Zr 0.5 -0.0000
Co 0.303 V 0.1967 Zr 0.5004 -0.0000
Co 0.163 V 0.336 Zr 0.501 -0.0000
Co 0.2621 V 0.2361 Zr 0.5018 -0.0000
Co 0.1991 V 0.2991 Zr 0.5018 -0.0000
Co 0.26 V 0.238 Zr 0.502 -0.0000
Co 0.316 V 0.181 Zr 0.503 -0.0000
Co 0.2 V 0.297 Zr 0.503 -0.0000
Co 0.2292 V 0.2664 Zr 0.5043 -0.0000
Co 0.297 V 0.198 Zr 0.505 -0.0000
Co 0.278 V 0.217 Zr 0.505 -0.0000
Co 0.3082 V 0.1858 Zr 0.506 -0.0000
Co 0.1766 V 0.3167 Zr 0.5068 -0.0000
Co 0.107 V 0.3858 Zr 0.5073 -0.0000
Co 0.144 V 0.348 Zr 0.508 -0.0000
Co 0.2674 V 0.2232 Zr 0.5094 -0.0000
Co 0.1562 V 0.3342 Zr 0.5096 -0.0000
Co 0.1215 V 0.3688 Zr 0.5097 -0.0000
Co 0.344 V 0.146 Zr 0.51 1.0000
Co 0.1379 V 0.3516 Zr 0.5105 -0.0000
Co 0.217 V 0.272 Zr 0.511 -0.0000
Co 0.3133 V 0.1754 Zr 0.5113 -0.0000
Co 0.2041 V 0.2833 Zr 0.5126 -0.0000
Co 0.178 V 0.309 Zr 0.513 -0.0000
Co 0.127 V 0.36 Zr 0.513 -0.0000
Co 0.2344 V 0.2521 Zr 0.5135 -0.0000
Co 0.076 V 0.408 Zr 0.516 -0.0000
Co 0.3181 V 0.1657 Zr 0.5162 -0.0000
Co 0.2725 V 0.2109 Zr 0.5166 -0.0000
Co 0.354 V 0.129 Zr 0.517 -0.0000
Co 0.324 V 0.159 Zr 0.517 -0.0000
Co 0.234 V 0.249 Zr 0.517 -0.0000
Co 0.1121 V 0.3704 Zr 0.5175 -0.0000
Co 0.0775 V 0.4048 Zr 0.5177 -0.0000
Co 0.1811 V 0.3002 Zr 0.5186 -0.0000
Co 0.0969 V 0.3834 Zr 0.5197 -0.0000
Co 0.1 V 0.38 Zr 0.52 -0.0000
Co 0.0825 V 0.3972 Zr 0.5203 -0.0000
Co 0.3228 V 0.1565 Zr 0.5207 -0.0000
Co 0.252 V 0.227 Zr 0.521 -0.0000
Co 0.09 V 0.389 Zr 0.521 -0.0000
Co 0.1578 V 0.3207 Zr 0.5215 -0.0000
Co 0.3053 V 0.1732 Zr 0.5215 -0.0000
Co 0.2393 V 0.2384 Zr 0.5223 -0.0000
Co 0.1604 V 0.3171 Zr 0.5225 -0.0000
Co 0.1101 V 0.3671 Zr 0.5228 -0.0000
Co 0.2088 V 0.2682 Zr 0.5229 -0.0000
Co 0.194 V 0.283 Zr 0.523 -0.0000
Co 0.2775 V 0.1992 Zr 0.5233 -0.0000
Co 0.2693 V 0.2072 Zr 0.5235 -0.0000
Co 0.287 V 0.189 Zr 0.524 -0.0000
Co 0.1417 V 0.334 Zr 0.5244 -0.0000
Co 0.125 V 0.3506 Zr 0.5244 -0.0000
Co 0.3273 V 0.1478 Zr 0.5249 -0.0000
Co 0.333 V 0.14 Zr 0.527 -0.0000
Co 0.139 V 0.332 Zr 0.529 -0.0000
Co 0.2822 V 0.1882 Zr 0.5296 -0.0000
Co 0.1856 V 0.2844 Zr 0.5301 -0.0000
Co 0.2441 V 0.2253 Zr 0.5305 -0.0000
Co 0.21 V 0.259 Zr 0.531 -0.0000
Co 0.2135 V 0.2538 Zr 0.5328 -0.0000
Co 0.173 V 0.294 Zr 0.533 -0.0000
Co 0.3133 V 0.1522 Zr 0.5345 -0.0000
Co 0.1231 V 0.3423 Zr 0.5345 -0.0000
Co 0.1644 V 0.3006 Zr 0.535 -0.0000
Co 0.2868 V 0.1777 Zr 0.5355 -0.0000
Co 0.0996 V 0.3648 Zr 0.5356 -0.0000
Co 0.227 V 0.237 Zr 0.536 -0.0000
Co 0.1454 V 0.3168 Zr 0.5378 -0.0000
Co 0.1131 V 0.3489 Zr 0.5379 -0.0000
Co 0.2488 V 0.2129 Zr 0.5383 -0.0000
Co 0.1283 V 0.3329 Zr 0.5387 -0.0000
Co 0.0732 V 0.3879 Zr 0.5389 -0.0000
Co 0.295 V 0.166 Zr 0.539 -0.0000
Co 0.109 V 0.352 Zr 0.539 -0.0000
Co 0.243 V 0.217 Zr 0.54 -0.0000
Co 0.0747 V 0.3847 Zr 0.5406 -0.0000
Co 0.2913 V 0.1678 Zr 0.541 -0.0000
Co 0.1898 V 0.2692 Zr 0.541 -0.0000
Co 0.0969 V 0.362 Zr 0.5411 -0.0000
Co 0.277 V 0.181 Zr 0.542 -0.0000
Co 0.26 V 0.198 Zr 0.542 -0.0000
Co 0.153 V 0.305 Zr 0.542 -0.0000
Co 0.218 V 0.2399 Zr 0.5421 -0.0000
Co 0.0797 V 0.3781 Zr 0.5422 -0.0000
Co 0.1878 V 0.2697 Zr 0.5425 -0.0000
Co 0.0871 V 0.37 Zr 0.5429 -0.0000
Co 0.322 V 0.134 Zr 0.544 -0.0000
Co 0.2533 V 0.2011 Zr 0.5457 -0.0000
Co 0.2955 V 0.1584 Zr 0.5461 -0.0000
Co 0.1684 V 0.2847 Zr 0.547 -0.0000
Co 0.0901 V 0.3618 Zr 0.5481 -0.0000
Co 0.1351 V 0.3153 Zr 0.5495 -0.0000
Co 0.203 V 0.247 Zr 0.55 -0.0000
Co 0.2996 V 0.1496 Zr 0.5508 -0.0000
Co 0.149 V 0.3002 Zr 0.5508 -0.0000
Co 0.2223 V 0.2267 Zr 0.551 -0.0000
Co 0.1023 V 0.3466 Zr 0.5511 -0.0000
Co 0.194 V 0.2546 Zr 0.5514 -0.0000
Co 0.302 V 0.146 Zr 0.552 -0.0000
Co 0.2576 V 0.1899 Zr 0.5526 -0.0000
Co 0.1316 V 0.3157 Zr 0.5527 -0.0000
Co 0.1161 V 0.3312 Zr 0.5527 -0.0000
Co 0.167 V 0.28 Zr 0.553 -0.0000
Co 0.2188 V 0.2258 Zr 0.5554 -0.0000
Co 0.1191 V 0.3253 Zr 0.5556 -0.0000
Co 0.2843 V 0.1582 Zr 0.5576 -0.0000
Co 0.1722 V 0.2694 Zr 0.5584 -0.0000
Co 0.235 V 0.206 Zr 0.559 -0.0000
Co 0.2618 V 0.1792 Zr 0.559 -0.0000
Co 0.2265 V 0.2141 Zr 0.5594 -0.0000
Co 0.1059 V 0.3347 Zr 0.5594 -0.0000
Co 0.267 V 0.173 Zr 0.56 -0.0000
Co 0.2507 V 0.1888 Zr 0.5604 -0.0000
Co 0.198 V 0.2406 Zr 0.5614 -0.0000
Co 0.0706 V 0.3678 Zr 0.5617 -0.0000
Co 0.31 V 0.128 Zr 0.562 -0.0000
Co 0.148 V 0.29 Zr 0.562 -0.0000
Co 0.1812 V 0.2563 Zr 0.5626 -0.0000
Co 0.0722 V 0.3649 Zr 0.5629 -0.0000
Co 0.0938 V 0.3431 Zr 0.5631 -0.0000
Co 0.1525 V 0.2842 Zr 0.5633 -0.0000
Co 0.0924 V 0.3436 Zr 0.564 -0.0000
Co 0.0843 V 0.3509 Zr 0.5648 -0.0000
Co 0.0771 V 0.358 Zr 0.5649 -0.0000
Co 0.2658 V 0.1692 Zr 0.5651 -0.0000
Co 0.1348 V 0.2991 Zr 0.5661 -0.0000
Co 0.1049 V 0.3289 Zr 0.5663 -0.0000
Co 0.119 V 0.314 Zr 0.567 -0.0000
Co 0.2305 V 0.2022 Zr 0.5673 -0.0000
Co 0.1759 V 0.2547 Zr 0.5694 -0.0000
Co 0.1958 V 0.2348 Zr 0.5694 -0.0000
Co 0.291 V 0.139 Zr 0.57 -0.0000
Co 0.131 V 0.299 Zr 0.57 -0.0000
Co 0.2696 V 0.1597 Zr 0.5707 -0.0000
Co 0.2019 V 0.2273 Zr 0.5708 -0.0000
Co 0.161 V 0.266 Zr 0.573 -0.0000
Co 0.2344 V 0.1908 Zr 0.5748 -0.0000
Co 0.274 V 0.151 Zr 0.575 -0.0000
Co 0.211 V 0.214 Zr 0.575 -0.0000
Co 0.1559 V 0.2689 Zr 0.5753 -0.0000
Co 0.2733 V 0.1508 Zr 0.5759 -0.0000
Co 0.1151 V 0.3083 Zr 0.5766 -0.0000
Co 0.257 V 0.165 Zr 0.578 -0.0000
Co 0.226 V 0.196 Zr 0.578 -0.0000
Co 0.241 V 0.18 Zr 0.579 -0.0000
Co 0.1379 V 0.2831 Zr 0.579 -0.0000
Co 0.0947 V 0.3259 Zr 0.5794 -0.0000
Co 0.2056 V 0.2146 Zr 0.5797 -0.0000
Co 0.1795 V 0.2407 Zr 0.5799 -0.0000
Co 0.1218 V 0.2973 Zr 0.5809 -0.0000
Co 0.1074 V 0.3116 Zr 0.5809 -0.0000
Co 0.102 V 0.317 Zr 0.581 -0.0000
Co 0.2381 V 0.1801 Zr 0.5818 -0.0000
Co 0.175 V 0.243 Zr 0.582 -0.0000
Co 0.143 V 0.275 Zr 0.582 -0.0000
Co 0.0683 V 0.3483 Zr 0.5835 -0.0000
Co 0.0908 V 0.3251 Zr 0.5841 -0.0000
Co 0.0698 V 0.3451 Zr 0.5851 -0.0000
Co 0.0816 V 0.3321 Zr 0.5862 -0.0000
Co 0.0746 V 0.3391 Zr 0.5862 -0.0000
Co 0.1592 V 0.2541 Zr 0.5867 -0.0000
Co 0.28 V 0.133 Zr 0.587 -0.0000
Co 0.2092 V 0.2026 Zr 0.5882 -0.0000
Co 0.2417 V 0.17 Zr 0.5883 -0.0000
Co 0.189 V 0.222 Zr 0.589 -0.0000
Co 0.1829 V 0.2273 Zr 0.5898 -0.0000
Co 0.1261 V 0.2833 Zr 0.5906 -0.0000
Co 0.1409 V 0.2676 Zr 0.5915 -0.0000
Co 0.0854 V 0.3225 Zr 0.5921 -0.0000
Co 0.263 V 0.144 Zr 0.593 -0.0000
Co 0.155 V 0.252 Zr 0.593 -0.0000
Co 0.203 V 0.203 Zr 0.594 -0.0000
Co 0.1245 V 0.2813 Zr 0.5942 -0.0000
Co 0.0969 V 0.3087 Zr 0.5944 -0.0000
Co 0.2452 V 0.1604 Zr 0.5944 -0.0000
Co 0.1099 V 0.295 Zr 0.5951 -0.0000
Co 0.247 V 0.157 Zr 0.596 -0.0000
Co 0.2127 V 0.1912 Zr 0.5961 -0.0000
Co 0.232 V 0.171 Zr 0.597 -0.0000
Co 0.217 V 0.186 Zr 0.597 -0.0000
Co 0.111 V 0.292 Zr 0.597 -0.0000
Co 0.1624 V 0.24 Zr 0.5977 -0.0000
Co 0.1863 V 0.2145 Zr 0.5993 -0.0000
Co 0.2485 V 0.1514 Zr 0.6002 -0.0000
Co 0.0986 V 0.2998 Zr 0.6016 -0.0000
Co 0.1682 V 0.2302 Zr 0.6016 -0.0000
Co 0.138 V 0.26 Zr 0.602 -0.0000
Co 0.1438 V 0.2529 Zr 0.6033 -0.0000
Co 0.216 V 0.1804 Zr 0.6036 -0.0000
Co 0.269 V 0.127 Zr 0.604 -0.0000
Co 0.066 V 0.329 Zr 0.605 -0.0000
Co 0.0878 V 0.3071 Zr 0.6051 -0.0000
Co 0.0675 V 0.3262 Zr 0.6063 -0.0000
Co 0.0722 V 0.3209 Zr 0.6069 -0.0000
